	time (s)	Channel 1 (V)	Channel 2 (V)
0	-0.01252	0.28	-0.34
1	-0.01251	0.16	-0.42
2	-0.0125	0.12	-0.48
3	-0.01249	0.06	-0.48
4	-0.01248	0.06	-0.44
5	-0.01247	0.08	-0.36
6	-0.01246	0.16	-0.28
7	-0.01245	0.26	-0.14
8	-0.01244	0.42	-0.02
9	-0.01243	0.52	0.08
10	-0.01242	0.62	0.18
11	-0.01241	0.7000000000000001	0.26
12	-0.0124	0.78	0.28
13	-0.01239	0.78	0.3
14	-0.01238	0.76	0.24
15	-0.012369999999999999	0.7000000000000001	0.16
16	-0.01236	0.6	0.06
17	-0.01235	0.46	-0.06
18	-0.01234	0.32	-0.2
19	-0.01233	0.16	-0.34
20	-0.01232	0.02	-0.44
21	-0.01231	-0.06	-0.52
22	-0.0123	-0.16	-0.56
23	-0.01229	-0.22	-0.58
24	-0.01228	-0.22	-0.56
25	-0.01227	-0.16	-0.46
26	-0.01226	-0.1	-0.36
27	-0.01225	-0.02	-0.24
28	-0.01224	0.1	-0.12
29	-0.01223	0.22	0.0
30	-0.01222	0.32	0.1
31	-0.01221	0.42	0.18
32	-0.012199999999999999	0.48	0.22
33	-0.01219	0.5	0.24
34	-0.01218	0.46	0.16
35	-0.01217	0.4	0.1
36	-0.01216	0.3	0.0
37	-0.01215	0.18	-0.12
38	-0.01214	0.04	-0.26
39	-0.01213	-0.12	-0.38
40	-0.01212	-0.26	-0.48
41	-0.01211	-0.36	-0.58
42	-0.0121	-0.44	-0.6
43	-0.01209	-0.5	-0.6
44	-0.01208	-0.52	-0.58
45	-0.012069999999999999	-0.48	-0.5
46	-0.01206	-0.4	-0.4
47	-0.01205	-0.3	-0.26
48	-0.01204	-0.16	-0.14
49	-0.012029999999999999	-0.06	-0.02
50	-0.01202	0.04	0.1
51	-0.01201	0.14	0.18
52	-0.012	0.2	0.22
53	-0.01199	0.22	0.22
54	-0.01198	0.2	0.18
55	-0.01197	0.12	0.12
56	-0.01196	0.04	0.0
57	-0.01195	-0.08	-0.12
58	-0.01194	-0.22	-0.24
59	-0.01193	-0.36	-0.36
60	-0.01192	-0.5	-0.46
61	-0.01191	-0.6	-0.52
62	-0.011899999999999999	-0.68	-0.58
63	-0.01189	-0.72	-0.58
64	-0.01188	-0.72	-0.54
65	-0.01187	-0.66	-0.46
66	-0.011859999999999999	-0.6	-0.34
67	-0.01185	-0.5	-0.22
68	-0.01184	-0.36	-0.08
69	-0.01183	-0.24	0.06
70	-0.01182	-0.1	0.16
71	-0.01181	0.0	0.24
72	-0.0118	0.04	0.28
73	-0.01179	0.06	0.28
74	-0.01178	0.06	0.26
75	-0.01177	0.02	0.18
76	-0.01176	-0.06	0.08
77	-0.01175	-0.2	-0.02
78	-0.01174	-0.32	-0.16
79	-0.011729999999999999	-0.44	-0.28
80	-0.01172	-0.6	-0.38
81	-0.01171	-0.68	-0.44
82	-0.0117	-0.74	-0.48
83	-0.011689999999999999	-0.78	-0.48
84	-0.01168	-0.76	-0.44
85	-0.01167	-0.7000000000000001	-0.32
86	-0.01166	-0.62	-0.24
87	-0.01165	-0.52	-0.1
88	-0.01164	-0.38	0.02
89	-0.01163	-0.22	0.14
90	-0.01162	-0.12	0.26
91	-0.01161	0.0	0.34
92	-0.0116	0.08	0.4
93	-0.01159	0.12	0.4
94	-0.01158	0.1	0.36
95	-0.01157	0.06	0.3
96	-0.011559999999999999	-0.02	0.22
97	-0.01155	-0.12	0.08
98	-0.01154	-0.24	-0.04
99	-0.01153	-0.36	-0.16
100	-0.011519999999999999	-0.48	-0.26
101	-0.01151	-0.58	-0.32
102	-0.0115	-0.62	-0.36
103	-0.01149	-0.66	-0.34
104	-0.01148	-0.64	-0.3
105	-0.01147	-0.58	-0.22
106	-0.01146	-0.48	-0.14
107	-0.01145	-0.36	0.0
108	-0.01144	-0.22	0.14
109	-0.01143	-0.08	0.26
110	-0.01142	0.08	0.38
111	-0.01141	0.18	0.48
112	-0.0114	0.26	0.5
113	-0.011389999999999999	0.3	0.52
114	-0.01138	0.32	0.48
115	-0.01137	0.28	0.42
116	-0.01136	0.2	0.3
117	-0.011349999999999999	0.1	0.2
118	-0.01134	0.0	0.08
119	-0.01133	-0.14	-0.06
120	-0.01132	-0.24	-0.14
121	-0.01131	-0.34	-0.22
122	-0.0113	-0.38	-0.26
123	-0.01129	-0.4	-0.26
124	-0.01128	-0.38	-0.22
125	-0.01127	-0.3	-0.14
126	-0.01126	-0.2	-0.04
127	-0.01125	-0.08	0.1
128	-0.01124	0.08	0.22
129	-0.01123	0.22	0.36
130	-0.011219999999999999	0.36	0.46
131	-0.01121	0.46	0.54
132	-0.0112	0.56	0.58
133	-0.01119	0.6	0.58
134	-0.011179999999999999	0.6	0.54
135	-0.01117	0.56	0.48
136	-0.01116	0.5	0.36
137	-0.01115	0.4	0.26
138	-0.01114	0.28	0.12
139	-0.01113	0.16	0.0
140	-0.01112	0.06	-0.1
141	-0.01111	-0.02	-0.18
142	-0.0111	-0.08	-0.2
143	-0.01109	-0.1	-0.22
144	-0.01108	-0.08	-0.18
145	-0.01107	-0.02	-0.1
146	-0.01106	0.08	0.0
147	-0.011049999999999999	0.22	0.12
148	-0.01104	0.32	0.24
149	-0.01103	0.5	0.38
150	-0.01102	0.64	0.48
151	-0.011009999999999999	0.74	0.54
152	-0.011	0.8200000000000001	0.58
153	-0.01099	0.88	0.58
154	-0.01098	0.86	0.54
155	-0.01097	0.84	0.46
156	-0.01096	0.76	0.36
157	-0.01095	0.66	0.24
158	-0.01094	0.52	0.1
159	-0.01093	0.4	0.0
160	-0.01092	0.3	-0.12
161	-0.01091	0.18	-0.2
162	-0.0109	0.12	-0.26
163	-0.01089	0.12	-0.26
164	-0.010879999999999999	0.12	-0.22
165	-0.01087	0.18	-0.16
166	-0.01086	0.28	-0.06
167	-0.01085	0.4	0.08
168	-0.010839999999999999	0.52	0.18
169	-0.01083	0.68	0.3
170	-0.01082	0.8	0.42
171	-0.01081	0.9	0.48
172	-0.0108	0.96	0.52
173	-0.01079	1.02	0.52
174	-0.01078	1.0	0.48
175	-0.01077	0.9400000000000001	0.38
176	-0.01076	0.88	0.28
177	-0.01075	0.76	0.16
178	-0.01074	0.62	0.02
179	-0.01073	0.5	-0.12
180	-0.01072	0.38	-0.22
181	-0.010709999999999999	0.28	-0.3
182	-0.0107	0.22	-0.36
183	-0.01069	0.18	-0.34
184	-0.01068	0.18	-0.34
185	-0.010669999999999999	0.22	-0.24
186	-0.01066	0.32	-0.16
187	-0.01065	0.42	-0.06
188	-0.01064	0.54	0.06
189	-0.01063	0.66	0.2
190	-0.01062	0.8	0.3
191	-0.01061	0.88	0.36
192	-0.0106	0.96	0.4
193	-0.01059	0.98	0.4
194	-0.010579999999999999	0.9400000000000001	0.36
195	-0.01057	0.9	0.3
196	-0.01056	0.8200000000000001	0.16
197	-0.01055	0.68	0.06
198	-0.01054	0.56	-0.1
199	-0.01053	0.4	-0.22
200	-0.01052	0.28	-0.34
201	-0.01051	0.18	-0.42
202	-0.010499999999999999	0.1	-0.48
203	-0.01049	0.04	-0.48
204	-0.01048	0.06	-0.46
205	-0.01047	0.08	-0.38
206	-0.01046	0.16	-0.28
207	-0.01045	0.28	-0.14
208	-0.01044	0.38	-0.04
209	-0.01043	0.5	0.08
210	-0.010419999999999999	0.64	0.18
211	-0.010409999999999999	0.7000000000000001	0.26
212	-0.0104	0.74	0.28
213	-0.01039	0.78	0.28
214	-0.01038	0.76	0.24
215	-0.01037	0.68	0.16
216	-0.01036	0.6	0.04
217	-0.01035	0.46	-0.08
218	-0.01034	0.32	-0.22
219	-0.010329999999999999	0.16	-0.32
220	-0.01032	0.06	-0.46
221	-0.01031	-0.1	-0.54
222	-0.0103	-0.16	-0.58
223	-0.01029	-0.2	-0.58
224	-0.01028	-0.2	-0.56
225	-0.01027	-0.18	-0.46
226	-0.01026	-0.1	-0.38
227	-0.010249999999999999	0.0	-0.24
228	-0.010239999999999999	0.12	-0.12
229	-0.01023	0.22	0.0
230	-0.01022	0.34	0.1
231	-0.01021	0.42	0.2
232	-0.0102	0.46	0.2
233	-0.01019	0.48	0.24
234	-0.01018	0.46	0.18
235	-0.01017	0.4	0.1
236	-0.010159999999999999	0.3	0.0
237	-0.01015	0.16	-0.12
238	-0.01014	0.02	-0.24
239	-0.01013	-0.14	-0.38
240	-0.01012	-0.26	-0.5
241	-0.01011	-0.38	-0.58
242	-0.0101	-0.44	-0.62
243	-0.01009	-0.5	-0.6
244	-0.010079999999999999	-0.5	-0.58
245	-0.010069999999999999	-0.48	-0.52
246	-0.01006	-0.38	-0.38
247	-0.01005	-0.3	-0.26
248	-0.01004	-0.16	-0.14
249	-0.01003	-0.06	0.0
250	-0.01002	0.04	0.1
251	-0.01001	0.14	0.18
252	-0.01	0.2	0.22
253	-0.009989999999999999	0.22	0.22
254	-0.00998	0.22	0.18
255	-0.00997	0.12	0.1
256	-0.00996	0.04	0.0
257	-0.00995	-0.08	-0.12
258	-0.00994	-0.22	-0.24
259	-0.00993	-0.38	-0.36
260	-0.00992	-0.5	-0.46
261	-0.009909999999999999	-0.6	-0.54
262	-0.009899999999999999	-0.68	-0.58
263	-0.00989	-0.7000000000000001	-0.58
264	-0.00988	-0.7000000000000001	-0.52
265	-0.00987	-0.66	-0.46
266	-0.00986	-0.6	-0.34
267	-0.00985	-0.5	-0.22
268	-0.00984	-0.38	-0.08
269	-0.00983	-0.22	0.04
270	-0.009819999999999999	-0.12	0.16
271	-0.00981	-0.02	0.24
272	-0.0098	0.04	0.28
273	-0.00979	0.06	0.3
274	-0.00978	0.08	0.26
275	-0.00977	0.0	0.18
276	-0.00976	-0.08	0.1
277	-0.00975	-0.2	-0.02
278	-0.009739999999999999	-0.32	-0.16
279	-0.009729999999999999	-0.46	-0.28
280	-0.00972	-0.58	-0.36
281	-0.00971	-0.68	-0.44
282	-0.0097	-0.74	-0.5
283	-0.00969	-0.78	-0.48
284	-0.00968	-0.78	-0.42
285	-0.00967	-0.72	-0.34
286	-0.00966	-0.64	-0.24
287	-0.009649999999999999	-0.5	-0.1
288	-0.00964	-0.38	0.02
289	-0.00963	-0.24	0.14
290	-0.00962	-0.1	0.26
291	-0.00961	0.0	0.36
292	-0.0096	0.08	0.4
293	-0.00959	0.1	0.4
294	-0.00958	0.1	0.38
295	-0.009569999999999999	0.06	0.3
296	-0.009559999999999999	-0.02	0.2
297	-0.00955	-0.12	0.08
298	-0.00954	-0.24	-0.04
299	-0.00953	-0.36	-0.16
300	-0.00952	-0.5	-0.26
301	-0.00951	-0.58	-0.32
302	-0.0095	-0.64	-0.36
303	-0.00949	-0.66	-0.34
304	-0.009479999999999999	-0.64	-0.3
305	-0.00947	-0.58	-0.22
306	-0.00946	-0.48	-0.12
307	-0.00945	-0.34	0.0
308	-0.00944	-0.2	0.14
309	-0.00943	-0.06	0.28
310	-0.00942	0.06	0.38
311	-0.00941	0.18	0.48
312	-0.009399999999999999	0.28	0.52
313	-0.009389999999999999	0.32	0.52
314	-0.00938	0.32	0.48
315	-0.00937	0.28	0.4
316	-0.00936	0.18	0.3
317	-0.00935	0.12	0.2
318	-0.00934	-0.02	0.08
319	-0.00933	-0.12	-0.04
320	-0.00932	-0.24	-0.14
321	-0.009309999999999999	-0.32	-0.2
322	-0.0093	-0.38	-0.26
323	-0.00929	-0.4	-0.26
324	-0.00928	-0.38	-0.22
325	-0.00927	-0.3	-0.14
326	-0.00926	-0.2	-0.04
327	-0.00925	-0.08	0.1
328	-0.00924	0.08	0.22
329	-0.009229999999999999	0.22	0.34
330	-0.009219999999999999	0.36	0.48
331	-0.00921	0.46	0.56
332	-0.0092	0.56	0.58
333	-0.00919	0.6	0.58
334	-0.00918	0.6	0.54
335	-0.00917	0.56	0.48
336	-0.00916	0.48	0.36
337	-0.00915	0.38	0.26
338	-0.009139999999999999	0.28	0.12
339	-0.00913	0.16	0.0
340	-0.00912	0.06	-0.1
341	-0.00911	-0.04	-0.2
342	-0.0091	-0.08	-0.22
343	-0.009089999999999999	-0.1	-0.22
344	-0.00908	-0.06	-0.18
345	-0.00907	0.0	-0.1
346	-0.009059999999999999	0.08	0.0
347	-0.009049999999999999	0.22	0.12
348	-0.00904	0.36	0.24
349	-0.00903	0.5	0.36
350	-0.00902	0.64	0.46
351	-0.00901	0.76	0.54
352	-0.009	0.8200000000000001	0.58
353	-0.00899	0.88	0.58
354	-0.00898	0.88	0.54
355	-0.008969999999999999	0.8200000000000001	0.46
356	-0.00896	0.76	0.36
357	-0.00895	0.64	0.24
358	-0.00894	0.54	0.1
359	-0.00893	0.42	-0.02
360	-0.008919999999999999	0.3	-0.12
361	-0.00891	0.2	-0.22
362	-0.0089	0.12	-0.24
363	-0.008889999999999999	0.1	-0.26
364	-0.008879999999999999	0.12	-0.2
365	-0.00887	0.2	-0.16
366	-0.00886	0.26	-0.06
367	-0.00885	0.4	0.06
368	-0.00884	0.52	0.18
369	-0.00883	0.66	0.32
370	-0.00882	0.8	0.42
371	-0.00881	0.9	0.48
372	-0.008799999999999999	1.0	0.54
373	-0.00879	1.02	0.52
374	-0.00878	1.0	0.48
375	-0.00877	0.96	0.4
376	-0.00876	0.86	0.26
377	-0.008749999999999999	0.78	0.14
378	-0.00874	0.62	0.02
379	-0.00873	0.48	-0.12
380	-0.008719999999999999	0.38	-0.22
381	-0.008709999999999999	0.26	-0.3
382	-0.0087	0.2	-0.36
383	-0.00869	0.18	-0.36
384	-0.00868	0.18	-0.34
385	-0.00867	0.22	-0.26
386	-0.00866	0.32	-0.14
387	-0.00865	0.42	-0.04
388	-0.00864	0.54	0.08
389	-0.008629999999999999	0.68	0.2
390	-0.00862	0.8	0.28
391	-0.00861	0.9	0.36
392	-0.0086	0.9400000000000001	0.4
393	-0.00859	0.98	0.4
394	-0.00858	0.9400000000000001	0.36
395	-0.00857	0.9	0.28
396	-0.00856	0.8200000000000001	0.16
397	-0.008549999999999999	0.68	0.04
398	-0.008539999999999999	0.56	-0.1
399	-0.00853	0.4	-0.24
400	-0.00852	0.28	-0.32
401	-0.00851	0.16	-0.44
402	-0.0085	0.08	-0.48
403	-0.00849	0.04	-0.48
404	-0.00848	0.06	-0.44
405	-0.008469999999999998	0.1	-0.38
406	-0.008459999999999999	0.14	-0.28
407	-0.00845	0.26	-0.16
408	-0.00844	0.4	-0.04
409	-0.00843	0.5	0.08
410	-0.00842	0.6	0.18
411	-0.00841	0.7000000000000001	0.24
412	-0.0084	0.76	0.3
413	-0.00839	0.78	0.28
414	-0.008379999999999999	0.76	0.24
415	-0.008369999999999999	0.68	0.14
416	-0.00836	0.58	0.06
417	-0.00835	0.46	-0.06
418	-0.00834	0.32	-0.22
419	-0.00833	0.16	-0.34
420	-0.00832	0.04	-0.46
421	-0.00831	-0.06	-0.54
422	-0.008299999999999998	-0.16	-0.58
423	-0.008289999999999999	-0.22	-0.58
424	-0.00828	-0.22	-0.54
425	-0.00827	-0.16	-0.46
426	-0.00826	-0.12	-0.38
427	-0.00825	-0.02	-0.26
428	-0.00824	0.1	-0.14
429	-0.00823	0.22	0.0
430	-0.00822	0.34	0.12
431	-0.008209999999999999	0.42	0.18
432	-0.008199999999999999	0.48	0.22
433	-0.00819	0.48	0.22
434	-0.00818	0.46	0.18
435	-0.00817	0.4	0.1
436	-0.00816	0.3	0.0
437	-0.00815	0.18	-0.12
438	-0.00814	0.02	-0.26
439	-0.008129999999999998	-0.12	-0.38
440	-0.008119999999999999	-0.26	-0.5
441	-0.00811	-0.38	-0.58
442	-0.0081	-0.46	-0.62
443	-0.00809	-0.5	-0.62
444	-0.00808	-0.5	-0.58
445	-0.00807	-0.48	-0.5
446	-0.00806	-0.4	-0.4
447	-0.00805	-0.3	-0.26
448	-0.008039999999999999	-0.18	-0.16
449	-0.008029999999999999	-0.06	0.0
450	-0.00802	0.06	0.08
451	-0.00801	0.12	0.18
452	-0.008	0.18	0.2
453	-0.00799	0.2	0.22
454	-0.00798	0.2	0.18
455	-0.00797	0.14	0.12
456	-0.007959999999999998	0.04	0.02
457	-0.007949999999999999	-0.08	-0.12
458	-0.00794	-0.22	-0.24
459	-0.00793	-0.38	-0.38
460	-0.00792	-0.52	-0.46
461	-0.00791	-0.6	-0.54
462	-0.0079	-0.68	-0.58
463	-0.00789	-0.7000000000000001	-0.56
464	-0.00788	-0.7000000000000001	-0.54
465	-0.007869999999999999	-0.68	-0.44
466	-0.007859999999999999	-0.58	-0.36
467	-0.00785	-0.48	-0.22
468	-0.00784	-0.38	-0.06
469	-0.00783	-0.22	0.06
470	-0.00782	-0.12	0.16
471	-0.007809999999999999	-0.02	0.26
472	-0.0078	0.04	0.28
473	-0.007789999999999999	0.08	0.3
474	-0.00778	0.06	0.24
475	-0.007769999999999999	0.02	0.18
476	-0.0077599999999999995	-0.06	0.08
477	-0.007749999999999999	-0.2	-0.04
478	-0.0077399999999999995	-0.32	-0.16
479	-0.00773	-0.48	-0.26
480	-0.007719999999999999	-0.6	-0.38
481	-0.00771	-0.66	-0.44
482	-0.007699999999999999	-0.74	-0.48
483	-0.00769	-0.76	-0.5
484	-0.007679999999999999	-0.74	-0.44
485	-0.00767	-0.7000000000000001	-0.34
486	-0.007659999999999999	-0.64	-0.24
487	-0.00765	-0.5	-0.1
488	-0.007639999999999999	-0.38	0.02
489	-0.00763	-0.24	0.16
490	-0.007619999999999999	-0.1	0.26
491	-0.00761	-0.02	0.34
492	-0.007599999999999999	0.08	0.4
493	-0.0075899999999999995	0.12	0.4
494	-0.007579999999999999	0.1	0.38
495	-0.0075699999999999995	0.06	0.3
496	-0.00756	-0.02	0.2
497	-0.007549999999999999	-0.12	0.1
498	-0.00754	-0.26	-0.02
499	-0.007529999999999999	-0.36	-0.14
500	-0.00752	-0.48	-0.24
501	-0.007509999999999999	-0.58	-0.32
502	-0.0075	-0.64	-0.34
503	-0.007489999999999999	-0.66	-0.34
504	-0.00748	-0.64	-0.3
505	-0.007469999999999999	-0.56	-0.24
506	-0.00746	-0.48	-0.12
507	-0.007449999999999999	-0.36	0.0
508	-0.0074399999999999996	-0.22	0.14
509	-0.007429999999999999	-0.06	0.26
510	-0.0074199999999999995	0.06	0.38
511	-0.007409999999999999	0.18	0.48
512	-0.0073999999999999995	0.28	0.5
513	-0.00739	0.3	0.52
514	-0.007379999999999999	0.3	0.48
515	-0.00737	0.28	0.42
516	-0.007359999999999999	0.18	0.3
517	-0.00735	0.1	0.2
518	-0.007339999999999999	-0.02	0.08
519	-0.00733	-0.12	-0.04
520	-0.007319999999999999	-0.24	-0.14
521	-0.00731	-0.32	-0.22
522	-0.007299999999999999	-0.38	-0.26
523	-0.00729	-0.4	-0.24
524	-0.007279999999999999	-0.36	-0.2
525	-0.0072699999999999996	-0.3	-0.14
526	-0.007259999999999999	-0.2	-0.04
527	-0.0072499999999999995	-0.08	0.1
528	-0.007239999999999999	0.08	0.22
529	-0.0072299999999999994	0.22	0.36
530	-0.00722	0.34	0.46
531	-0.007209999999999999	0.48	0.54
532	-0.0072	0.56	0.58
533	-0.007189999999999999	0.6	0.6
534	-0.00718	0.6	0.54
535	-0.007169999999999999	0.56	0.48
536	-0.00716	0.48	0.38
537	-0.007149999999999999	0.38	0.24
538	-0.00714	0.28	0.14
539	-0.007129999999999999	0.14	0.02
540	-0.00712	0.04	-0.1
541	-0.007109999999999999	-0.04	-0.18
542	-0.0070999999999999995	-0.08	-0.22
543	-0.007089999999999999	-0.08	-0.22
544	-0.0070799999999999995	-0.08	-0.18
545	-0.007069999999999999	-0.02	-0.12
546	-0.0070599999999999994	0.08	0.0
547	-0.00705	0.2	0.1
548	-0.007039999999999999	0.34	0.24
549	-0.00703	0.5	0.36
550	-0.007019999999999999	0.62	0.48
551	-0.00701	0.74	0.54
552	-0.006999999999999999	0.8200000000000001	0.58
553	-0.00699	0.86	0.58
554	-0.006979999999999999	0.88	0.54
555	-0.00697	0.8200000000000001	0.46
556	-0.006959999999999999	0.74	0.36
557	-0.00695	0.64	0.22
558	-0.006939999999999999	0.52	0.1
559	-0.0069299999999999995	0.38	-0.02
560	-0.006919999999999999	0.28	-0.12
561	-0.0069099999999999995	0.18	-0.2
562	-0.006899999999999999	0.12	-0.26
563	-0.006889999999999999	0.12	-0.26
564	-0.00688	0.14	-0.24
565	-0.006869999999999999	0.2	-0.16
566	-0.00686	0.28	-0.06
567	-0.006849999999999999	0.4	0.08
568	-0.00684	0.54	0.2
569	-0.006829999999999999	0.66	0.3
570	-0.00682	0.8	0.42
571	-0.006809999999999999	0.9	0.48
572	-0.0068	1.0	0.54
573	-0.006789999999999999	1.02	0.52
574	-0.00678	1.02	0.48
575	-0.006769999999999999	0.96	0.38
576	-0.0067599999999999995	0.84	0.28
577	-0.006749999999999999	0.76	0.14
578	-0.0067399999999999995	0.64	0.02
579	-0.006729999999999999	0.5	-0.12
580	-0.006719999999999999	0.38	-0.22
581	-0.00671	0.28	-0.32
582	-0.006699999999999999	0.22	-0.34
583	-0.00669	0.16	-0.36
584	-0.006679999999999999	0.18	-0.34
585	-0.00667	0.22	-0.26
586	-0.006659999999999999	0.32	-0.16
587	-0.00665	0.42	-0.04
588	-0.006639999999999999	0.54	0.08
589	-0.00663	0.66	0.2
590	-0.006619999999999999	0.8	0.3
591	-0.0066099999999999996	0.9	0.36
592	-0.006599999999999999	0.96	0.42
593	-0.0065899999999999995	0.98	0.4
594	-0.006579999999999999	0.96	0.36
595	-0.0065699999999999995	0.9	0.28
596	-0.006559999999999999	0.8	0.16
597	-0.006549999999999999	0.7000000000000001	0.04
598	-0.00654	0.54	-0.08
599	-0.006529999999999999	0.4	-0.22
600	-0.00652	0.28	-0.36
601	-0.006509999999999999	0.18	-0.42
602	-0.0065	0.1	-0.48
603	-0.006489999999999999	0.04	-0.48
604	-0.00648	0.04	-0.46
605	-0.006469999999999999	0.1	-0.38
606	-0.00646	0.16	-0.28
607	-0.006449999999999999	0.28	-0.16
608	-0.0064399999999999995	0.38	-0.04
609	-0.006429999999999999	0.5	0.08
610	-0.0064199999999999995	0.62	0.2
611	-0.006409999999999999	0.7000000000000001	0.24
612	-0.0063999999999999994	0.76	0.3
613	-0.006389999999999999	0.78	0.3
614	-0.006379999999999999	0.76	0.24
615	-0.00637	0.68	0.16
616	-0.006359999999999999	0.56	0.06
617	-0.00635	0.46	-0.06
618	-0.006339999999999999	0.32	-0.2
619	-0.00633	0.16	-0.34
620	-0.006319999999999999	0.04	-0.46
621	-0.00631	-0.06	-0.52
622	-0.006299999999999999	-0.16	-0.58
623	-0.00629	-0.2	-0.56
624	-0.006279999999999999	-0.22	-0.54
625	-0.0062699999999999995	-0.18	-0.48
626	-0.006259999999999999	-0.12	-0.38
627	-0.0062499999999999995	0.0	-0.24
628	-0.006239999999999999	0.1	-0.12
629	-0.006229999999999999	0.22	0.0
630	-0.006219999999999999	0.32	0.1
631	-0.006209999999999999	0.42	0.18
632	-0.0062	0.46	0.22
633	-0.006189999999999999	0.48	0.22
634	-0.00618	0.46	0.18
635	-0.006169999999999999	0.38	0.1
636	-0.00616	0.3	0.0
637	-0.006149999999999999	0.16	-0.14
638	-0.00614	0.02	-0.26
639	-0.006129999999999999	-0.12	-0.38
640	-0.00612	-0.26	-0.5
641	-0.006109999999999999	-0.36	-0.58
642	-0.0060999999999999995	-0.46	-0.62
643	-0.006089999999999999	-0.5	-0.6
644	-0.0060799999999999995	-0.52	-0.58
645	-0.006069999999999999	-0.48	-0.5
646	-0.006059999999999999	-0.4	-0.4
647	-0.006049999999999999	-0.28	-0.24
648	-0.006039999999999999	-0.18	-0.12
649	-0.00603	-0.06	-0.02
650	-0.006019999999999999	0.04	0.08
651	-0.00601	0.14	0.18
652	-0.005999999999999999	0.18	0.2
653	-0.00599	0.22	0.2
654	-0.005979999999999999	0.2	0.2
655	-0.00597	0.12	0.12
656	-0.005959999999999999	0.04	0.02
657	-0.0059499999999999996	-0.1	-0.1
658	-0.005939999999999999	-0.22	-0.24
659	-0.0059299999999999995	-0.36	-0.36
660	-0.005919999999999999	-0.5	-0.44
661	-0.0059099999999999995	-0.6	-0.54
662	-0.005899999999999999	-0.68	-0.58
663	-0.005889999999999999	-0.72	-0.58
664	-0.005879999999999999	-0.72	-0.54
665	-0.005869999999999999	-0.68	-0.44
666	-0.00586	-0.6	-0.34
667	-0.005849999999999999	-0.48	-0.2
668	-0.00584	-0.36	-0.08
669	-0.005829999999999999	-0.24	0.06
670	-0.00582	-0.12	0.14
671	-0.005809999999999999	-0.02	0.24
672	-0.0058	0.04	0.28
673	-0.005789999999999999	0.06	0.3
674	-0.0057799999999999995	0.06	0.26
675	-0.005769999999999999	0.02	0.18
676	-0.0057599999999999995	-0.08	0.1
677	-0.005749999999999999	-0.2	-0.02
678	-0.0057399999999999994	-0.34	-0.16
679	-0.005729999999999999	-0.46	-0.26
680	-0.005719999999999999	-0.6	-0.36
681	-0.005709999999999999	-0.68	-0.44
682	-0.005699999999999999	-0.74	-0.48
683	-0.00569	-0.76	-0.48
684	-0.005679999999999999	-0.76	-0.44
685	-0.00567	-0.72	-0.34
686	-0.005659999999999999	-0.62	-0.24
687	-0.00565	-0.5	-0.12
688	-0.005639999999999999	-0.36	0.02
689	-0.00563	-0.22	0.18
690	-0.005619999999999999	-0.1	0.28
691	-0.0056099999999999995	-0.02	0.36
692	-0.005599999999999999	0.08	0.42
693	-0.0055899999999999995	0.1	0.4
694	-0.005579999999999999	0.12	0.36
695	-0.005569999999999999	0.04	0.3
696	-0.005559999999999999	-0.02	0.2
697	-0.005549999999999999	-0.12	0.08
698	-0.005539999999999999	-0.24	-0.02
699	-0.005529999999999999	-0.36	-0.14
700	-0.00552	-0.46	-0.24
701	-0.005509999999999999	-0.58	-0.32
702	-0.0055	-0.64	-0.36
703	-0.005489999999999999	-0.66	-0.34
704	-0.00548	-0.64	-0.32
705	-0.005469999999999999	-0.58	-0.22
706	-0.00546	-0.48	-0.12
707	-0.005449999999999999	-0.36	0.02
708	-0.0054399999999999995	-0.2	0.14
709	-0.005429999999999999	-0.06	0.28
710	-0.0054199999999999995	0.08	0.38
711	-0.005409999999999999	0.18	0.48
712	-0.005399999999999999	0.26	0.52
713	-0.005389999999999999	0.32	0.52
714	-0.005379999999999999	0.32	0.48
715	-0.005369999999999999	0.28	0.42
716	-0.005359999999999999	0.2	0.32
717	-0.00535	0.1	0.2
718	-0.005339999999999999	-0.02	0.08
719	-0.00533	-0.14	-0.04
720	-0.005319999999999999	-0.24	-0.16
721	-0.00531	-0.34	-0.22
722	-0.005299999999999999	-0.38	-0.26
723	-0.0052899999999999996	-0.4	-0.24
724	-0.005279999999999999	-0.36	-0.22
725	-0.0052699999999999995	-0.3	-0.14
726	-0.005259999999999999	-0.2	-0.04
727	-0.0052499999999999995	-0.08	0.1
728	-0.005239999999999999	0.06	0.22
729	-0.005229999999999999	0.22	0.34
730	-0.005219999999999999	0.36	0.46
731	-0.005209999999999999	0.46	0.54
732	-0.005199999999999999	0.56	0.58
733	-0.005189999999999999	0.6	0.58
734	-0.00518	0.6	0.54
735	-0.005169999999999999	0.56	0.48
736	-0.00516	0.46	0.38
737	-0.005149999999999999	0.4	0.24
738	-0.00514	0.26	0.12
739	-0.005129999999999999	0.16	0.02
740	-0.0051199999999999996	0.04	-0.1
741	-0.005109999999999999	-0.04	-0.18
742	-0.0050999999999999995	-0.08	-0.22
743	-0.005089999999999999	-0.1	-0.2
744	-0.0050799999999999994	-0.06	-0.18
745	-0.005069999999999999	-0.02	-0.1
746	-0.005059999999999999	0.1	0.0
747	-0.005049999999999999	0.22	0.12
748	-0.005039999999999999	0.34	0.26
749	-0.005029999999999999	0.52	0.36
750	-0.005019999999999999	0.62	0.46
751	-0.00501	0.74	0.54
752	-0.004999999999999999	0.84	0.58
753	-0.00499	0.86	0.58
754	-0.004979999999999999	0.88	0.56
755	-0.00497	0.84	0.48
756	-0.004959999999999999	0.76	0.36
757	-0.0049499999999999995	0.64	0.24
758	-0.004939999999999999	0.52	0.12
759	-0.0049299999999999995	0.4	-0.02
760	-0.004919999999999999	0.28	-0.12
761	-0.0049099999999999994	0.2	-0.22
762	-0.004899999999999999	0.12	-0.26
763	-0.004889999999999999	0.12	-0.26
764	-0.004879999999999999	0.12	-0.22
765	-0.004869999999999999	0.18	-0.12
766	-0.004859999999999999	0.28	-0.04
767	-0.004849999999999999	0.4	0.06
768	-0.004839999999999999	0.54	0.18
769	-0.004829999999999999	0.68	0.3
770	-0.00482	0.8	0.42
771	-0.004809999999999999	0.9	0.48
772	-0.0048	0.98	0.52
773	-0.004789999999999999	1.02	0.5
774	-0.0047799999999999995	1.02	0.46
775	-0.004769999999999999	0.9400000000000001	0.38
776	-0.0047599999999999995	0.86	0.28
777	-0.004749999999999999	0.76	0.14
778	-0.004739999999999999	0.64	0.0
779	-0.004729999999999999	0.5	-0.1
780	-0.004719999999999999	0.36	-0.22
781	-0.004709999999999999	0.28	-0.3
782	-0.004699999999999999	0.2	-0.32
783	-0.00469	0.16	-0.36
784	-0.004679999999999998	0.18	-0.32
785	-0.004669999999999999	0.22	-0.26
786	-0.004659999999999999	0.3	-0.16
787	-0.00465	0.42	-0.06
788	-0.00464	0.54	0.08
789	-0.004629999999999999	0.68	0.2
790	-0.004619999999999999	0.8	0.3
791	-0.0046099999999999995	0.9	0.36
792	-0.0046	0.9400000000000001	0.4
793	-0.004589999999999999	1.0	0.38
794	-0.004579999999999999	0.96	0.36
795	-0.004569999999999999	0.9	0.26
796	-0.00456	0.8200000000000001	0.16
797	-0.0045499999999999985	0.68	0.04
798	-0.004539999999999999	0.56	-0.08
799	-0.004529999999999999	0.42	-0.22
800	-0.00452	0.28	-0.34
801	-0.004509999999999998	0.16	-0.44
802	-0.004499999999999999	0.1	-0.48
803	-0.004489999999999999	0.04	-0.48
804	-0.00448	0.06	-0.46
805	-0.00447	0.08	-0.36
806	-0.004459999999999999	0.18	-0.26
807	-0.004449999999999999	0.28	-0.14
808	-0.0044399999999999995	0.38	-0.04
809	-0.00443	0.5	0.1
810	-0.004419999999999999	0.62	0.18
811	-0.004409999999999999	0.7000000000000001	0.24
812	-0.004399999999999999	0.78	0.3
813	-0.00439	0.78	0.3
814	-0.0043799999999999985	0.76	0.26
815	-0.004369999999999999	0.68	0.16
816	-0.004359999999999999	0.58	0.04
817	-0.00435	0.46	-0.06
818	-0.004339999999999998	0.32	-0.2
819	-0.004329999999999999	0.18	-0.32
820	-0.004319999999999999	0.04	-0.44
821	-0.00431	-0.08	-0.54
822	-0.0043	-0.16	-0.58
823	-0.004289999999999999	-0.2	-0.58
824	-0.004279999999999999	-0.22	-0.56
825	-0.0042699999999999995	-0.16	-0.46
826	-0.00426	-0.1	-0.36
827	-0.004249999999999999	-0.02	-0.26
828	-0.004239999999999999	0.1	-0.12
829	-0.004229999999999999	0.22	0.0
830	-0.00422	0.34	0.1
831	-0.0042099999999999985	0.42	0.18
832	-0.004199999999999999	0.46	0.2
833	-0.004189999999999999	0.5	0.22
834	-0.00418	0.46	0.18
835	-0.004169999999999998	0.38	0.1
836	-0.004159999999999999	0.3	0.0
837	-0.004149999999999999	0.16	-0.12
838	-0.00414	0.02	-0.24
839	-0.00413	-0.14	-0.38
840	-0.004119999999999999	-0.26	-0.5
841	-0.004109999999999999	-0.38	-0.58
842	-0.0040999999999999995	-0.48	-0.6
843	-0.00409	-0.5	-0.6
844	-0.0040799999999999986	-0.52	-0.58
845	-0.004069999999999999	-0.46	-0.5
846	-0.004059999999999999	-0.4	-0.38
847	-0.00405	-0.3	-0.26
848	-0.0040399999999999985	-0.16	-0.14
849	-0.004029999999999999	-0.06	-0.02
850	-0.004019999999999999	0.04	0.12
851	-0.00401	0.14	0.16
852	-0.003999999999999998	0.18	0.22
853	-0.003989999999999999	0.22	0.22
854	-0.003979999999999999	0.2	0.18
855	-0.00397	0.12	0.12
856	-0.00396	0.04	0.02
857	-0.003949999999999999	-0.1	-0.1
858	-0.003939999999999999	-0.2	-0.24
859	-0.0039299999999999995	-0.36	-0.36
860	-0.00392	-0.5	-0.46
861	-0.0039099999999999985	-0.6	-0.54
862	-0.003899999999999999	-0.68	-0.58
863	-0.0038899999999999994	-0.72	-0.58
864	-0.0038799999999999998	-0.72	-0.54
865	-0.0038699999999999984	-0.66	-0.44
866	-0.003859999999999999	-0.58	-0.34
867	-0.0038499999999999993	-0.48	-0.2
868	-0.0038399999999999997	-0.36	-0.08
869	-0.0038299999999999983	-0.22	0.06
870	-0.0038199999999999987	-0.12	0.14
871	-0.003809999999999999	0.0	0.24
872	-0.0037999999999999996	0.04	0.3
873	-0.00379	0.08	0.3
874	-0.0037799999999999986	0.08	0.24
875	-0.003769999999999999	0.0	0.2
876	-0.0037599999999999995	-0.06	0.1
877	-0.00375	-0.2	-0.04
878	-0.0037399999999999985	-0.3	-0.14
879	-0.003729999999999999	-0.46	-0.28
880	-0.0037199999999999993	-0.58	-0.38
881	-0.0037099999999999998	-0.7000000000000001	-0.44
882	-0.0036999999999999984	-0.74	-0.48
883	-0.003689999999999999	-0.78	-0.5
884	-0.0036799999999999992	-0.76	-0.42
885	-0.0036699999999999997	-0.7000000000000001	-0.34
886	-0.0036599999999999983	-0.62	-0.24
887	-0.0036499999999999987	-0.5	-0.1
888	-0.003639999999999999	-0.38	0.02
889	-0.0036299999999999995	-0.22	0.16
890	-0.00362	-0.12	0.26
891	-0.0036099999999999986	-0.02	0.36
892	-0.003599999999999999	0.08	0.4
893	-0.0035899999999999994	0.12	0.42
894	-0.00358	0.1	0.38
895	-0.0035699999999999985	0.04	0.3
896	-0.003559999999999999	-0.02	0.22
897	-0.0035499999999999993	-0.12	0.08
898	-0.0035399999999999997	-0.24	-0.04
899	-0.0035299999999999984	-0.36	-0.16
900	-0.003519999999999999	-0.48	-0.24
901	-0.0035099999999999992	-0.58	-0.34
902	-0.0034999999999999996	-0.64	-0.36
903	-0.0034899999999999983	-0.64	-0.36
904	-0.0034799999999999987	-0.64	-0.3
905	-0.003469999999999999	-0.58	-0.22
906	-0.0034599999999999995	-0.48	-0.1
907	-0.00345	-0.34	0.02
908	-0.0034399999999999986	-0.2	0.16
909	-0.003429999999999999	-0.06	0.28
910	-0.0034199999999999994	0.08	0.4
911	-0.00341	0.18	0.48
912	-0.0033999999999999985	0.26	0.5
913	-0.003389999999999999	0.3	0.52
914	-0.0033799999999999993	0.32	0.48
915	-0.0033699999999999997	0.28	0.42
916	-0.0033599999999999984	0.2	0.32
917	-0.003349999999999999	0.1	0.18
918	-0.0033399999999999992	-0.02	0.08
919	-0.0033299999999999996	-0.14	-0.04
920	-0.0033199999999999983	-0.24	-0.16
921	-0.0033099999999999987	-0.32	-0.22
922	-0.003299999999999999	-0.4	-0.26
923	-0.0032899999999999995	-0.4	-0.26
924	-0.00328	-0.36	-0.22
925	-0.0032699999999999986	-0.3	-0.12
926	-0.003259999999999999	-0.2	-0.04
927	-0.0032499999999999994	-0.06	0.1
928	-0.00324	0.08	0.22
929	-0.0032299999999999985	0.22	0.36
930	-0.003219999999999999	0.36	0.48
931	-0.0032099999999999993	0.46	0.54
932	-0.0031999999999999997	0.56	0.58
933	-0.0031899999999999984	0.6	0.58
934	-0.003179999999999999	0.62	0.54
935	-0.003169999999999999	0.56	0.48
936	-0.0031599999999999996	0.48	0.36
937	-0.0031499999999999983	0.4	0.24
938	-0.0031399999999999987	0.28	0.12
939	-0.003129999999999999	0.14	0.0
940	-0.0031199999999999995	0.04	-0.1
941	-0.00311	-0.04	-0.18
942	-0.0030999999999999986	-0.1	-0.22
943	-0.003089999999999999	-0.12	-0.22
944	-0.0030799999999999994	-0.06	-0.18
945	-0.00307	-0.02	-0.1
946	-0.0030599999999999985	0.08	-0.02
947	-0.003049999999999999	0.22	0.12
948	-0.0030399999999999993	0.36	0.26
949	-0.0030299999999999997	0.48	0.36
950	-0.0030199999999999984	0.62	0.46
951	-0.003009999999999999	0.74	0.54
952	-0.002999999999999999	0.8200000000000001	0.58
953	-0.0029899999999999996	0.88	0.58
954	-0.0029799999999999983	0.86	0.54
955	-0.0029699999999999987	0.8200000000000001	0.48
956	-0.002959999999999999	0.76	0.36
957	-0.0029499999999999995	0.64	0.22
958	-0.00294	0.52	0.12
959	-0.0029299999999999986	0.38	-0.04
960	-0.002919999999999999	0.3	-0.14
961	-0.0029099999999999994	0.2	-0.22
962	-0.0029	0.12	-0.24
963	-0.0028899999999999985	0.1	-0.26
964	-0.002879999999999999	0.14	-0.24
965	-0.0028699999999999993	0.18	-0.14
966	-0.0028599999999999997	0.3	-0.04
967	-0.0028499999999999984	0.4	0.06
968	-0.0028399999999999988	0.52	0.2
969	-0.002829999999999999	0.68	0.3
970	-0.0028199999999999996	0.8	0.42
971	-0.0028099999999999983	0.9	0.48
972	-0.0027999999999999987	1.0	0.52
973	-0.002789999999999999	1.02	0.52
974	-0.0027799999999999995	1.02	0.48
975	-0.00277	0.96	0.4
976	-0.0027599999999999986	0.88	0.3
977	-0.002749999999999999	0.76	0.16
978	-0.0027399999999999994	0.62	0.02
979	-0.00273	0.5	-0.1
980	-0.0027199999999999985	0.38	-0.22
981	-0.002709999999999999	0.26	-0.32
982	-0.0026999999999999993	0.2	-0.36
983	-0.0026899999999999997	0.16	-0.34
984	-0.0026799999999999984	0.16	-0.32
985	-0.0026699999999999988	0.22	-0.26
986	-0.002659999999999999	0.32	-0.16
987	-0.0026499999999999996	0.44	-0.04
988	-0.0026399999999999983	0.54	0.1
989	-0.0026299999999999987	0.68	0.2
990	-0.002619999999999999	0.8	0.3
991	-0.0026099999999999995	0.9	0.36
992	-0.0026	0.96	0.4
993	-0.0025899999999999986	0.98	0.4
994	-0.002579999999999999	0.9400000000000001	0.36
995	-0.0025699999999999994	0.9	0.28
996	-0.0025599999999999998	0.8	0.18
997	-0.0025499999999999984	0.66	0.04
998	-0.002539999999999999	0.56	-0.1
999	-0.0025299999999999993	0.42	-0.24
1000	-0.0025199999999999997	0.28	-0.34
1001	-0.0025099999999999983	0.16	-0.42
1002	-0.0024999999999999988	0.1	-0.48
1003	-0.002489999999999999	0.06	-0.48
1004	-0.0024799999999999996	0.04	-0.44
1005	-0.0024699999999999982	0.1	-0.38
1006	-0.0024599999999999986	0.16	-0.26
1007	-0.002449999999999999	0.28	-0.16
1008	-0.0024399999999999995	0.4	-0.02
1009	-0.00243	0.5	0.08
1010	-0.0024199999999999985	0.6	0.16
1011	-0.002409999999999999	0.7000000000000001	0.26
1012	-0.0023999999999999994	0.76	0.3
1013	-0.0023899999999999998	0.78	0.3
1014	-0.0023799999999999984	0.76	0.24
1015	-0.002369999999999999	0.7000000000000001	0.18
1016	-0.0023599999999999993	0.58	0.06
1017	-0.0023499999999999997	0.46	-0.08
1018	-0.0023399999999999983	0.32	-0.2
1019	-0.0023299999999999987	0.18	-0.34
1020	-0.002319999999999999	0.04	-0.46
1021	-0.0023099999999999996	-0.08	-0.56
1022	-0.0022999999999999982	-0.16	-0.58
1023	-0.0022899999999999986	-0.2	-0.58
1024	-0.002279999999999999	-0.2	-0.54
1025	-0.0022699999999999994	-0.18	-0.46
1026	-0.00226	-0.1	-0.36
1027	-0.0022499999999999985	0.0	-0.24
1028	-0.002239999999999999	0.12	-0.1
1029	-0.0022299999999999993	0.22	0.0
1030	-0.0022199999999999998	0.32	0.12
1031	-0.0022099999999999984	0.42	0.18
1032	-0.002199999999999999	0.46	0.22
1033	-0.0021899999999999992	0.48	0.2
1034	-0.0021799999999999996	0.46	0.18
1035	-0.0021699999999999983	0.4	0.12
1036	-0.0021599999999999987	0.28	0.02
1037	-0.002149999999999999	0.18	-0.14
1038	-0.0021399999999999995	0.02	-0.26
1039	-0.002129999999999998	-0.12	-0.38
1040	-0.0021199999999999986	-0.26	-0.5
1041	-0.002109999999999999	-0.38	-0.58
1042	-0.0020999999999999994	-0.46	-0.62
1043	-0.00209	-0.5	-0.62
1044	-0.0020799999999999985	-0.5	-0.58
1045	-0.002069999999999999	-0.46	-0.48
1046	-0.0020599999999999993	-0.4	-0.4
1047	-0.0020499999999999997	-0.3	-0.26
1048	-0.0020399999999999984	-0.16	-0.14
1049	-0.002029999999999999	-0.06	0.0
1050	-0.0020199999999999992	0.06	0.1
1051	-0.0020099999999999996	0.12	0.18
1052	-0.0019999999999999983	0.2	0.22
1053	-0.0019899999999999987	0.22	0.22
1054	-0.001979999999999999	0.18	0.18
1055	-0.0019699999999999995	0.14	0.12
1056	-0.001959999999999998	0.04	0.02
1057	-0.0019499999999999986	-0.1	-0.1
1058	-0.001939999999999999	-0.24	-0.24
1059	-0.0019299999999999994	-0.36	-0.36
1060	-0.0019199999999999998	-0.5	-0.46
1061	-0.0019099999999999985	-0.6	-0.54
1062	-0.001899999999999999	-0.66	-0.56
1063	-0.0018899999999999993	-0.72	-0.58
1064	-0.0018799999999999997	-0.72	-0.54
1065	-0.0018699999999999984	-0.66	-0.46
1066	-0.0018599999999999988	-0.6	-0.34
1067	-0.0018499999999999992	-0.48	-0.2
1068	-0.0018399999999999996	-0.36	-0.08
1069	-0.0018299999999999983	-0.22	0.06
1070	-0.0018199999999999987	-0.1	0.14
1071	-0.0018099999999999991	-0.02	0.24
1072	-0.0017999999999999995	0.04	0.28
1073	-0.0017899999999999982	0.08	0.28
1074	-0.0017799999999999986	0.06	0.24
1075	-0.001769999999999999	0.02	0.2
1076	-0.0017599999999999994	-0.08	0.1
1077	-0.0017499999999999998	-0.2	-0.04
1078	-0.0017399999999999985	-0.32	-0.14
1079	-0.001729999999999999	-0.46	-0.26
1080	-0.0017199999999999993	-0.58	-0.36
1081	-0.0017099999999999997	-0.68	-0.44
1082	-0.0016999999999999984	-0.74	-0.48
1083	-0.0016899999999999988	-0.76	-0.46
1084	-0.0016799999999999992	-0.76	-0.44
1085	-0.0016699999999999996	-0.72	-0.34
1086	-0.0016599999999999983	-0.62	-0.24
1087	-0.0016499999999999987	-0.5	-0.1
1088	-0.001639999999999999	-0.36	0.02
1089	-0.0016299999999999995	-0.24	0.16
1090	-0.0016199999999999982	-0.12	0.26
1091	-0.0016099999999999986	0.0	0.36
1092	-0.001599999999999999	0.08	0.38
1093	-0.0015899999999999994	0.1	0.4
1094	-0.0015799999999999998	0.1	0.38
1095	-0.0015699999999999985	0.06	0.3
1096	-0.0015599999999999989	-0.02	0.2
1097	-0.0015499999999999993	-0.12	0.08
1098	-0.0015399999999999997	-0.24	-0.04
1099	-0.0015299999999999984	-0.36	-0.14
1100	-0.0015199999999999988	-0.48	-0.26
1101	-0.0015099999999999992	-0.58	-0.32
1102	-0.0014999999999999996	-0.64	-0.34
1103	-0.0014899999999999983	-0.64	-0.36
1104	-0.0014799999999999987	-0.62	-0.3
1105	-0.001469999999999999	-0.56	-0.22
1106	-0.0014599999999999995	-0.46	-0.1
1107	-0.0014499999999999982	-0.36	0.02
1108	-0.0014399999999999986	-0.2	0.14
1109	-0.001429999999999999	-0.06	0.26
1110	-0.0014199999999999994	0.06	0.38
1111	-0.0014099999999999998	0.18	0.46
1112	-0.0013999999999999985	0.24	0.48
1113	-0.0013899999999999989	0.3	0.5
1114	-0.0013799999999999993	0.32	0.48
1115	-0.0013699999999999997	0.28	0.42
1116	-0.0013599999999999984	0.22	0.3
1117	-0.0013499999999999988	0.1	0.2
1118	-0.0013399999999999992	-0.02	0.08
1119	-0.0013299999999999996	-0.14	-0.06
1120	-0.0013199999999999983	-0.22	-0.16
1121	-0.0013099999999999987	-0.32	-0.24
1122	-0.001299999999999999	-0.4	-0.26
1123	-0.0012899999999999995	-0.4	-0.26
1124	-0.0012799999999999982	-0.36	-0.22
1125	-0.0012699999999999986	-0.3	-0.14
1126	-0.001259999999999999	-0.2	-0.02
1127	-0.0012499999999999994	-0.04	0.1
1128	-0.0012399999999999998	0.08	0.22
1129	-0.0012299999999999985	0.22	0.36
1130	-0.0012199999999999989	0.36	0.46
1131	-0.0012099999999999993	0.48	0.54
1132	-0.0011999999999999997	0.54	0.6
1133	-0.0011899999999999984	0.6	0.58
1134	-0.0011799999999999988	0.6	0.54
1135	-0.0011699999999999992	0.56	0.48
1136	-0.0011599999999999996	0.5	0.36
1137	-0.0011499999999999982	0.4	0.26
1138	-0.0011399999999999987	0.28	0.14
1139	-0.001129999999999999	0.16	0.0
1140	-0.0011199999999999995	0.04	-0.1
1141	-0.0011099999999999981	-0.02	-0.18
1142	-0.0010999999999999985	-0.08	-0.22
1143	-0.001089999999999999	-0.08	-0.2
1144	-0.0010799999999999994	-0.08	-0.18
1145	-0.0010699999999999998	-0.02	-0.1
1146	-0.0010599999999999984	0.1	-0.02
1147	-0.0010499999999999989	0.22	0.1
1148	-0.0010399999999999993	0.36	0.24
1149	-0.0010299999999999997	0.5	0.38
1150	-0.0010199999999999983	0.64	0.48
1151	-0.0010099999999999987	0.74	0.54
1152	-0.0009999999999999992	0.8200000000000001	0.6
1153	-0.0009899999999999996	0.86	0.58
1154	-0.0009799999999999982	0.88	0.56
1155	-0.0009699999999999986	0.8200000000000001	0.48
1156	-0.000959999999999999	0.74	0.36
1157	-0.0009499999999999995	0.64	0.24
1158	-0.0009399999999999981	0.52	0.1
1159	-0.0009299999999999985	0.42	-0.02
1160	-0.0009199999999999989	0.28	-0.12
1161	-0.0009099999999999994	0.2	-0.22
1162	-0.0008999999999999998	0.12	-0.24
1163	-0.0008899999999999984	0.12	-0.26
1164	-0.0008799999999999988	0.12	-0.22
1165	-0.0008699999999999992	0.18	-0.14
1166	-0.0008599999999999997	0.28	-0.04
1167	-0.0008499999999999983	0.4	0.06
1168	-0.0008399999999999987	0.54	0.2
1169	-0.0008299999999999991	0.68	0.32
1170	-0.0008199999999999995	0.8	0.4
1171	-0.0008099999999999982	0.9	0.48
1172	-0.0007999999999999986	0.98	0.5
1173	-0.000789999999999999	1.02	0.5
1174	-0.0007799999999999994	1.02	0.48
1175	-0.0007699999999999981	0.9400000000000001	0.4
1176	-0.0007599999999999985	0.86	0.28
1177	-0.0007499999999999989	0.76	0.14
1178	-0.0007399999999999993	0.62	0.04
1179	-0.0007299999999999997	0.5	-0.12
1180	-0.0007199999999999984	0.36	-0.22
1181	-0.0007099999999999988	0.28	-0.3
1182	-0.0006999999999999992	0.2	-0.34
1183	-0.0006899999999999996	0.18	-0.36
1184	-0.0006799999999999983	0.18	-0.32
1185	-0.0006699999999999987	0.22	-0.26
1186	-0.0006599999999999991	0.32	-0.14
1187	-0.0006499999999999995	0.44	-0.04
1188	-0.0006399999999999982	0.54	0.08
1189	-0.0006299999999999986	0.68	0.22
1190	-0.000619999999999999	0.8	0.3
1191	-0.0006099999999999994	0.88	0.36
1192	-0.0005999999999999981	0.96	0.42
1193	-0.0005899999999999985	0.98	0.42
1194	-0.0005799999999999989	0.96	0.36
1195	-0.0005699999999999993	0.9	0.26
1196	-0.0005599999999999997	0.8	0.16
1197	-0.0005499999999999984	0.68	0.04
1198	-0.0005399999999999988	0.56	-0.1
1199	-0.0005299999999999992	0.4	-0.22
1200	-0.0005199999999999996	0.26	-0.36
1201	-0.0005099999999999983	0.16	-0.42
1202	-0.0004999999999999987	0.1	-0.48
1203	-0.0004899999999999991	0.04	-0.48
1204	-0.0004799999999999995	0.06	-0.44
1205	-0.0004699999999999982	0.1	-0.38
1206	-0.0004599999999999986	0.16	-0.28
1207	-0.000449999999999999	0.28	-0.16
1208	-0.0004399999999999994	0.4	-0.02
1209	-0.0004299999999999981	0.5	0.1
1210	-0.0004199999999999985	0.6	0.18
1211	-0.0004099999999999989	0.7000000000000001	0.24
1212	-0.0003999999999999993	0.76	0.28
1213	-0.0003899999999999997	0.76	0.28
1214	-0.0003799999999999984	0.76	0.22
1215	-0.0003699999999999988	0.68	0.16
1216	-0.0003599999999999992	0.6	0.06
1217	-0.0003499999999999996	0.46	-0.08
1218	-0.0003399999999999983	0.32	-0.22
1219	-0.0003299999999999987	0.18	-0.32
1220	-0.0003199999999999991	0.04	-0.46
1221	-0.0003099999999999995	-0.08	-0.54
1222	-0.0002999999999999982	-0.18	-0.58
1223	-0.0002899999999999986	-0.2	-0.58
1224	-0.000279999999999999	-0.2	-0.54
1225	-0.0002699999999999994	-0.18	-0.46
1226	-0.0002599999999999981	-0.1	-0.36
1227	-0.0002499999999999985	0.0	-0.26
1228	-0.0002399999999999989	0.12	-0.14
1229	-0.0002299999999999993	0.22	0.0
1230	-0.0002199999999999997	0.32	0.12
1231	-0.00020999999999999838	0.42	0.18
1232	-0.0001999999999999988	0.48	0.22
1233	-0.0001899999999999992	0.48	0.24
1234	-0.0001799999999999996	0.46	0.16
1235	-0.00016999999999999828	0.4	0.12
1236	-0.00015999999999999868	0.3	-0.02
1237	-0.0001499999999999991	0.16	-0.12
1238	-0.0001399999999999995	0.02	-0.24
1239	-0.00012999999999999817	-0.12	-0.38
1240	-0.00011999999999999858	-0.26	-0.5
1241	-0.00010999999999999899	-0.38	-0.58
1242	-9.99999999999994e-05	-0.44	-0.62
1243	-8.999999999999807e-05	-0.52	-0.6
1244	-7.999999999999848e-05	-0.5	-0.58
1245	-6.999999999999888e-05	-0.48	-0.5
1246	-5.999999999999929e-05	-0.4	-0.38
1247	-4.99999999999997e-05	-0.3	-0.26
1248	-3.999999999999837e-05	-0.18	-0.12
1249	-2.9999999999998778e-05	-0.06	-0.04
1250	-1.9999999999999185e-05	0.04	0.08
1251	-9.999999999999593e-06	0.14	0.18
1252	1.734723475976807e-18	0.2	0.2
1253	1.0000000000001327e-05	0.22	0.24
1254	2.000000000000092e-05	0.2	0.18
1255	3.0000000000000512e-05	0.14	0.12
1256	4.000000000000184e-05	0.04	0.0
1257	5.000000000000143e-05	-0.08	-0.12
1258	6.0000000000001025e-05	-0.22	-0.24
1259	7.000000000000062e-05	-0.36	-0.36
1260	8.000000000000194e-05	-0.5	-0.46
1261	9.000000000000154e-05	-0.6	-0.54
1262	0.00010000000000000113	-0.68	-0.58
1263	0.00011000000000000072	-0.72	-0.58
1264	0.00012000000000000031	-0.72	-0.52
1265	0.00013000000000000164	-0.68	-0.46
1266	0.00014000000000000123	-0.6	-0.32
1267	0.00015000000000000083	-0.48	-0.2
1268	0.00016000000000000042	-0.34	-0.06
1269	0.00017000000000000175	-0.22	0.04
1270	0.00018000000000000134	-0.1	0.18
1271	0.00019000000000000093	0.0	0.24
1272	0.00020000000000000052	0.04	0.28
1273	0.00021000000000000185	0.08	0.28
1274	0.00022000000000000144	0.06	0.24
1275	0.00023000000000000104	0.0	0.2
1276	0.00024000000000000063	-0.08	0.1
1277	0.00025000000000000196	-0.2	-0.02
1278	0.00026000000000000155	-0.32	-0.14
1279	0.00027000000000000114	-0.46	-0.28
1280	0.00028000000000000073	-0.56	-0.38
1281	0.0002900000000000003	-0.68	-0.44
1282	0.00030000000000000165	-0.74	-0.46
1283	0.00031000000000000125	-0.78	-0.48
1284	0.00032000000000000084	-0.76	-0.42
1285	0.00033000000000000043	-0.72	-0.34
1286	0.00034000000000000176	-0.6	-0.24
1287	0.00035000000000000135	-0.5	-0.1
1288	0.00036000000000000094	-0.36	0.02
1289	0.00037000000000000054	-0.24	0.14
1290	0.00038000000000000186	-0.1	0.26
1291	0.00039000000000000146	0.0	0.34
1292	0.00040000000000000105	0.08	0.4
1293	0.00041000000000000064	0.1	0.4
1294	0.00042000000000000197	0.1	0.36
1295	0.00043000000000000156	0.06	0.3
1296	0.00044000000000000115	-0.02	0.2
1297	0.00045000000000000075	-0.12	0.08
1298	0.00046000000000000034	-0.24	-0.04
1299	0.00047000000000000167	-0.36	-0.16
1300	0.00048000000000000126	-0.5	-0.24
1301	0.0004900000000000009	-0.58	-0.34
1302	0.0005000000000000004	-0.64	-0.34
1303	0.0005100000000000018	-0.64	-0.34
1304	0.0005200000000000014	-0.64	-0.3
1305	0.000530000000000001	-0.58	-0.22
1306	0.0005400000000000005	-0.46	-0.12
1307	0.0005500000000000019	-0.36	0.02
1308	0.0005600000000000015	-0.22	0.14
1309	0.0005700000000000011	-0.06	0.28
1310	0.0005800000000000007	0.06	0.36
1311	0.000590000000000002	0.18	0.46
1312	0.0006000000000000016	0.26	0.52
1313	0.0006100000000000012	0.3	0.5
1314	0.0006200000000000008	0.3	0.48
1315	0.0006300000000000004	0.28	0.4
1316	0.0006400000000000017	0.18	0.3
1317	0.0006500000000000013	0.1	0.2
1318	0.0006600000000000009	-0.04	0.08
1319	0.0006700000000000005	-0.12	-0.04
1320	0.0006800000000000018	-0.24	-0.14
1321	0.0006900000000000014	-0.32	-0.22
1322	0.000700000000000001	-0.36	-0.26
1323	0.0007100000000000006	-0.4	-0.26
1324	0.0007200000000000019	-0.36	-0.2
1325	0.0007300000000000015	-0.32	-0.14
1326	0.0007400000000000011	-0.2	-0.04
1327	0.0007500000000000007	-0.06	0.08
1328	0.000760000000000002	0.08	0.22
1329	0.0007700000000000016	0.2	0.34
1330	0.0007800000000000012	0.34	0.48
1331	0.0007900000000000008	0.46	0.54
1332	0.0008000000000000004	0.56	0.58
1333	0.0008100000000000017	0.6	0.58
1334	0.0008200000000000013	0.6	0.54
1335	0.0008300000000000009	0.58	0.46
1336	0.0008400000000000005	0.48	0.36
1337	0.0008500000000000018	0.38	0.26
1338	0.0008600000000000014	0.3	0.12
1339	0.000870000000000001	0.16	0.0
1340	0.0008800000000000006	0.06	-0.1
1341	0.0008900000000000019	-0.04	-0.2
1342	0.0009000000000000015	-0.08	-0.2
1343	0.0009100000000000011	-0.12	-0.2
1344	0.0009200000000000007	-0.06	-0.18
1345	0.000930000000000002	-0.02	-0.1
1346	0.0009400000000000016	0.08	0.0
1347	0.0009500000000000012	0.22	0.12
1348	0.0009600000000000008	0.36	0.24
1349	0.0009700000000000004	0.5	0.36
1350	0.0009800000000000017	0.64	0.48
1351	0.0009900000000000013	0.74	0.56
1352	0.0010000000000000009	0.84	0.6
1353	0.0010100000000000005	0.88	0.6
1354	0.0010200000000000018	0.84	0.54
1355	0.0010300000000000014	0.8200000000000001	0.48
1356	0.001040000000000001	0.74	0.36
1357	0.0010500000000000006	0.66	0.24
1358	0.001060000000000002	0.54	0.1
1359	0.0010700000000000015	0.4	-0.02
1360	0.001080000000000001	0.28	-0.14
1361	0.0010900000000000007	0.18	-0.22
1362	0.001100000000000002	0.12	-0.24
1363	0.0011100000000000016	0.1	-0.26
1364	0.0011200000000000012	0.14	-0.22
1365	0.0011300000000000008	0.18	-0.16
1366	0.0011400000000000004	0.3	-0.04
1367	0.0011500000000000017	0.42	0.06
1368	0.0011600000000000013	0.54	0.16
1369	0.001170000000000001	0.66	0.3
1370	0.0011800000000000005	0.8	0.4
1371	0.0011900000000000018	0.9	0.48
1372	0.0012000000000000014	0.98	0.52
1373	0.001210000000000001	1.0	0.52
1374	0.0012200000000000006	1.02	0.46
1375	0.001230000000000002	0.9400000000000001	0.38
1376	0.0012400000000000015	0.86	0.28
1377	0.0012500000000000011	0.76	0.14
1378	0.0012600000000000007	0.62	0.02
1379	0.001270000000000002	0.5	-0.1
1380	0.0012800000000000016	0.38	-0.22
1381	0.0012900000000000012	0.28	-0.32
1382	0.0013000000000000008	0.2	-0.34
1383	0.0013100000000000004	0.18	-0.36
1384	0.0013200000000000017	0.18	-0.32
1385	0.0013300000000000013	0.22	-0.26
1386	0.001340000000000001	0.32	-0.16
1387	0.0013500000000000005	0.44	-0.04
1388	0.0013600000000000018	0.56	0.08
1389	0.0013700000000000014	0.7000000000000001	0.2
1390	0.001380000000000001	0.8200000000000001	0.3
1391	0.0013900000000000006	0.9	0.38
1392	0.001400000000000002	0.9400000000000001	0.42
1393	0.0014100000000000015	0.98	0.4
1394	0.0014200000000000011	0.96	0.36
1395	0.0014300000000000007	0.92	0.26
1396	0.001440000000000002	0.8200000000000001	0.16
1397	0.0014500000000000016	0.68	0.04
1398	0.0014600000000000012	0.54	-0.1
1399	0.0014700000000000008	0.4	-0.22
1400	0.0014800000000000004	0.28	-0.36
1401	0.0014900000000000017	0.16	-0.44
1402	0.0015000000000000013	0.1	-0.46
1403	0.001510000000000001	0.04	-0.48
1404	0.0015200000000000005	0.04	-0.44
1405	0.0015300000000000018	0.1	-0.38
1406	0.0015400000000000014	0.16	-0.26
1407	0.001550000000000001	0.28	-0.16
1408	0.0015600000000000006	0.38	-0.04
1409	0.001570000000000002	0.5	0.08
1410	0.0015800000000000015	0.62	0.18
1411	0.0015900000000000011	0.7000000000000001	0.26
1412	0.0016000000000000007	0.76	0.28
1413	0.001610000000000002	0.78	0.3
1414	0.0016200000000000016	0.76	0.24
1415	0.0016300000000000012	0.68	0.16
1416	0.0016400000000000008	0.58	0.06
1417	0.0016500000000000004	0.46	-0.08
1418	0.0016600000000000018	0.32	-0.2
1419	0.0016700000000000013	0.16	-0.34
1420	0.001680000000000001	0.04	-0.44
1421	0.0016900000000000005	-0.08	-0.52
1422	0.0017000000000000019	-0.16	-0.56
1423	0.0017100000000000014	-0.22	-0.58
1424	0.001720000000000001	-0.22	-0.54
1425	0.0017300000000000006	-0.18	-0.48
1426	0.001740000000000002	-0.1	-0.36
1427	0.0017500000000000016	-0.02	-0.24
1428	0.0017600000000000011	0.12	-0.12
1429	0.0017700000000000007	0.24	0.0
1430	0.001780000000000002	0.34	0.12
1431	0.0017900000000000017	0.42	0.18
1432	0.0018000000000000013	0.48	0.22
1433	0.0018100000000000008	0.5	0.22
1434	0.0018200000000000004	0.46	0.18
1435	0.0018300000000000018	0.38	0.1
1436	0.0018400000000000014	0.28	0.0
1437	0.001850000000000001	0.16	-0.12
1438	0.0018600000000000005	0.02	-0.26
1439	0.0018700000000000019	-0.12	-0.38
1440	0.0018800000000000015	-0.26	-0.5
1441	0.001890000000000001	-0.36	-0.58
1442	0.0019000000000000006	-0.46	-0.62
1443	0.001910000000000002	-0.52	-0.62
1444	0.0019200000000000016	-0.5	-0.58
1445	0.0019300000000000012	-0.48	-0.5
1446	0.0019400000000000008	-0.38	-0.4
1447	0.001950000000000002	-0.28	-0.26
1448	0.0019600000000000017	-0.16	-0.12
1449	0.0019700000000000013	-0.06	-0.02
1450	0.001980000000000001	0.08	0.1
1451	0.0019900000000000004	0.14	0.16
1452	0.0020000000000000018	0.22	0.2
1453	0.0020100000000000014	0.22	0.24
1454	0.002020000000000001	0.2	0.2
1455	0.0020300000000000006	0.12	0.12
1456	0.002040000000000002	0.04	0.0
1457	0.0020500000000000015	-0.08	-0.12
1458	0.002060000000000001	-0.24	-0.24
1459	0.0020700000000000007	-0.36	-0.36
1460	0.002080000000000002	-0.5	-0.48
1461	0.0020900000000000016	-0.6	-0.54
1462	0.002100000000000001	-0.68	-0.56
1463	0.0021100000000000008	-0.72	-0.56
1464	0.002120000000000002	-0.72	-0.54
1465	0.0021300000000000017	-0.68	-0.46
1466	0.0021400000000000013	-0.6	-0.32
1467	0.002150000000000001	-0.46	-0.2
1468	0.0021600000000000005	-0.36	-0.08
1469	0.002170000000000002	-0.24	0.06
1470	0.0021800000000000014	-0.1	0.16
1471	0.002190000000000001	-0.02	0.26
1472	0.0022000000000000006	0.04	0.26
1473	0.002210000000000002	0.08	0.3
1474	0.0022200000000000015	0.06	0.26
1475	0.002230000000000001	0.0	0.2
1476	0.0022400000000000007	-0.08	0.08
1477	0.002250000000000002	-0.2	-0.04
1478	0.0022600000000000016	-0.32	-0.16
1479	0.002270000000000001	-0.46	-0.26
1480	0.0022800000000000008	-0.58	-0.38
1481	0.002290000000000002	-0.66	-0.46
1482	0.0023000000000000017	-0.72	-0.48
1483	0.0023100000000000013	-0.78	-0.48
1484	0.002320000000000001	-0.74	-0.44
1485	0.0023300000000000005	-0.72	-0.32
1486	0.002340000000000002	-0.6	-0.24
1487	0.0023500000000000014	-0.5	-0.1
1488	0.002360000000000001	-0.36	0.02
1489	0.0023700000000000006	-0.24	0.16
1490	0.002380000000000002	-0.1	0.28
1491	0.0023900000000000015	-0.02	0.34
1492	0.002400000000000001	0.06	0.38
1493	0.0024100000000000007	0.1	0.4
1494	0.002420000000000002	0.1	0.36
1495	0.0024300000000000016	0.06	0.3
1496	0.002440000000000001	-0.02	0.2
1497	0.002450000000000001	-0.14	0.1
1498	0.002460000000000002	-0.26	-0.04
1499	0.0024700000000000017	-0.36	-0.16
1500	0.0024800000000000013	-0.5	-0.24
1501	0.002490000000000001	-0.56	-0.32
1502	0.0025000000000000005	-0.64	-0.34
1503	0.002510000000000002	-0.66	-0.36
1504	0.0025200000000000014	-0.62	-0.32
1505	0.002530000000000001	-0.58	-0.22
1506	0.0025400000000000006	-0.48	-0.1
1507	0.002550000000000002	-0.36	0.0
1508	0.0025600000000000015	-0.2	0.14
1509	0.002570000000000001	-0.06	0.28
1510	0.0025800000000000007	0.04	0.4
1511	0.002590000000000002	0.18	0.46
1512	0.0026000000000000016	0.26	0.5
1513	0.002610000000000001	0.3	0.52
1514	0.002620000000000001	0.3	0.48
1515	0.002630000000000002	0.28	0.42
1516	0.0026400000000000017	0.2	0.3
1517	0.0026500000000000013	0.1	0.18
1518	0.002660000000000001	-0.02	0.08
1519	0.0026700000000000005	-0.12	-0.04
1520	0.002680000000000002	-0.24	-0.14
1521	0.0026900000000000014	-0.32	-0.22
1522	0.002700000000000001	-0.38	-0.26
1523	0.0027100000000000006	-0.4	-0.24
1524	0.002720000000000002	-0.38	-0.2
1525	0.0027300000000000015	-0.3	-0.14
1526	0.002740000000000001	-0.2	-0.02
1527	0.0027500000000000007	-0.08	0.1
1528	0.002760000000000002	0.08	0.24
1529	0.0027700000000000016	0.22	0.36
1530	0.0027800000000000012	0.36	0.46
1531	0.002790000000000001	0.48	0.56
1532	0.002800000000000002	0.56	0.58
1533	0.0028100000000000017	0.6	0.58
1534	0.0028200000000000013	0.62	0.56
1535	0.002830000000000001	0.56	0.48
1536	0.0028400000000000022	0.5	0.36
1537	0.002850000000000002	0.38	0.26
1538	0.0028600000000000014	0.28	0.14
1539	0.002870000000000001	0.16	0.0
1540	0.0028800000000000006	0.04	-0.1
1541	0.002890000000000002	-0.04	-0.16
1542	0.0029000000000000015	-0.1	-0.22
1543	0.002910000000000001	-0.12	-0.22
1544	0.0029200000000000007	-0.06	-0.18
1545	0.002930000000000002	-0.02	-0.1
1546	0.0029400000000000016	0.08	-0.02
1547	0.0029500000000000012	0.22	0.12
1548	0.002960000000000001	0.36	0.26
1549	0.002970000000000002	0.5	0.38
1550	0.0029800000000000017	0.64	0.46
1551	0.0029900000000000013	0.76	0.54
1552	0.003000000000000001	0.8200000000000001	0.58
1553	0.0030100000000000023	0.88	0.6
1554	0.003020000000000002	0.86	0.54
1555	0.0030300000000000014	0.8200000000000001	0.46
1556	0.003040000000000001	0.74	0.36
1557	0.0030500000000000006	0.64	0.24
1558	0.003060000000000002	0.54	0.12
1559	0.0030700000000000015	0.42	-0.02
1560	0.003080000000000001	0.28	-0.14
1561	0.0030900000000000007	0.22	-0.2
1562	0.003100000000000002	0.12	-0.24
1563	0.0031100000000000017	0.12	-0.26
1564	0.0031200000000000012	0.12	-0.22
1565	0.003130000000000001	0.2	-0.16
1566	0.0031400000000000004	0.28	-0.04
1567	0.00315	0.4	0.06
1568	0.003160000000000003	0.54	0.2
1569	0.0031700000000000027	0.68	0.32
1570	0.0031800000000000023	0.8	0.4
1571	0.003190000000000002	0.9	0.48
1572	0.0032000000000000015	0.98	0.54
1573	0.003210000000000001	1.0	0.5
1574	0.0032200000000000006	1.02	0.48
1575	0.0032300000000000002	0.9400000000000001	0.38
1576	0.00324	0.86	0.28
1577	0.003250000000000003	0.76	0.14
1578	0.0032600000000000025	0.62	0.02
1579	0.003270000000000002	0.5	-0.1
1580	0.0032800000000000017	0.38	-0.22
1581	0.0032900000000000013	0.28	-0.32
1582	0.003300000000000001	0.2	-0.36
1583	0.0033100000000000004	0.16	-0.38
1584	0.00332	0.2	-0.32
1585	0.003330000000000003	0.22	-0.24
1586	0.0033400000000000027	0.3	-0.14
1587	0.0033500000000000023	0.42	-0.04
1588	0.003360000000000002	0.54	0.08
1589	0.0033700000000000015	0.68	0.22
1590	0.003380000000000001	0.8	0.3
1591	0.0033900000000000007	0.88	0.36
1592	0.0034000000000000002	0.9400000000000001	0.42
1593	0.00341	0.98	0.4
1594	0.003420000000000003	0.96	0.36
1595	0.0034300000000000025	0.9	0.28
1596	0.003440000000000002	0.8	0.14
1597	0.0034500000000000017	0.68	0.04
1598	0.0034600000000000013	0.54	-0.1
1599	0.003470000000000001	0.4	-0.24
1600	0.0034800000000000005	0.28	-0.36
1601	0.00349	0.16	-0.44
1602	0.003500000000000003	0.08	-0.48
1603	0.0035100000000000027	0.04	-0.48
1604	0.0035200000000000023	0.06	-0.44
1605	0.003530000000000002	0.1	-0.36
1606	0.0035400000000000015	0.16	-0.28
1607	0.003550000000000001	0.28	-0.14
1608	0.0035600000000000007	0.38	-0.04
1609	0.0035700000000000003	0.52	0.1
1610	0.00358	0.62	0.2
1611	0.003590000000000003	0.7000000000000001	0.26
1612	0.0036000000000000025	0.76	0.28
1613	0.003610000000000002	0.8	0.28
1614	0.0036200000000000017	0.74	0.24
1615	0.0036300000000000013	0.7000000000000001	0.18
1616	0.003640000000000001	0.58	0.04
1617	0.0036500000000000005	0.46	-0.08
1618	0.00366	0.34	-0.22
1619	0.003670000000000003	0.18	-0.32
1620	0.0036800000000000027	0.04	-0.44
1621	0.0036900000000000023	-0.08	-0.52
1622	0.003700000000000002	-0.16	-0.56
1623	0.0037100000000000015	-0.22	-0.58
1624	0.003720000000000001	-0.2	-0.54
1625	0.0037300000000000007	-0.18	-0.48
1626	0.0037400000000000003	-0.12	-0.36
1627	0.00375	-0.02	-0.24
1628	0.003760000000000003	0.12	-0.14
1629	0.0037700000000000025	0.22	0.02
1630	0.003780000000000002	0.32	0.12
1631	0.0037900000000000017	0.42	0.18
1632	0.0038000000000000013	0.46	0.22
1633	0.003810000000000001	0.48	0.22
1634	0.0038200000000000005	0.46	0.16
1635	0.00383	0.4	0.12
1636	0.003840000000000003	0.3	-0.02
1637	0.0038500000000000027	0.18	-0.12
1638	0.0038600000000000023	0.02	-0.24
1639	0.003870000000000002	-0.12	-0.36
1640	0.0038800000000000015	-0.26	-0.5
1641	0.003890000000000001	-0.38	-0.58
1642	0.0039000000000000007	-0.46	-0.6
1643	0.00391	-0.5	-0.62
1644	0.00392	-0.5	-0.58
1645	0.003930000000000003	-0.46	-0.5
1646	0.0039400000000000025	-0.4	-0.38
1647	0.003950000000000002	-0.28	-0.26
1648	0.003960000000000002	-0.18	-0.14
1649	0.003970000000000001	-0.06	0.0
1650	0.003980000000000001	0.04	0.1
1651	0.0039900000000000005	0.14	0.18
1652	0.004	0.2	0.22
1653	0.004010000000000003	0.22	0.22
1654	0.004020000000000003	0.2	0.18
1655	0.004030000000000002	0.12	0.12
1656	0.004040000000000002	0.02	0.0
1657	0.0040500000000000015	-0.08	-0.1
1658	0.004060000000000001	-0.22	-0.24
1659	0.004070000000000001	-0.38	-0.38
1660	0.00408	-0.48	-0.48
1661	0.00409	-0.6	-0.54
1662	0.004100000000000003	-0.68	-0.56
1663	0.0041100000000000025	-0.72	-0.58
1664	0.004120000000000002	-0.7000000000000001	-0.52
1665	0.004130000000000002	-0.68	-0.44
1666	0.004140000000000001	-0.58	-0.34
1667	0.004150000000000001	-0.5	-0.22
1668	0.0041600000000000005	-0.36	-0.08
1669	0.00417	-0.22	0.04
1670	0.004180000000000003	-0.1	0.16
1671	0.004190000000000003	-0.02	0.24
1672	0.004200000000000002	0.04	0.3
1673	0.004210000000000002	0.08	0.28
1674	0.0042200000000000015	0.06	0.24
1675	0.004230000000000001	0.02	0.2
1676	0.004240000000000001	-0.08	0.08
1677	0.00425	-0.2	-0.04
1678	0.00426	-0.32	-0.16
1679	0.004270000000000003	-0.46	-0.26
1680	0.0042800000000000026	-0.58	-0.38
1681	0.004290000000000002	-0.68	-0.44
1682	0.004300000000000002	-0.74	-0.5
1683	0.004310000000000001	-0.78	-0.46
1684	0.004320000000000001	-0.76	-0.44
1685	0.0043300000000000005	-0.72	-0.34
1686	0.00434	-0.62	-0.24
1687	0.004350000000000003	-0.5	-0.1
1688	0.004360000000000003	-0.36	0.02
1689	0.004370000000000002	-0.22	0.14
1690	0.004380000000000002	-0.1	0.26
1691	0.0043900000000000015	0.0	0.34
1692	0.004400000000000001	0.08	0.42
1693	0.004410000000000001	0.1	0.4
1694	0.00442	0.1	0.36
1695	0.00443	0.06	0.3
1696	0.004440000000000003	-0.02	0.2
1697	0.0044500000000000026	-0.12	0.08
1698	0.004460000000000002	-0.24	-0.04
1699	0.004470000000000002	-0.36	-0.16
1700	0.004480000000000001	-0.5	-0.24
1701	0.004490000000000001	-0.6	-0.34
1702	0.0045000000000000005	-0.64	-0.36
1703	0.00451	-0.66	-0.36
1704	0.004520000000000003	-0.62	-0.3
1705	0.004530000000000003	-0.58	-0.24
1706	0.004540000000000002	-0.46	-0.1
1707	0.004550000000000002	-0.34	0.02
1708	0.0045600000000000016	-0.2	0.14
1709	0.004570000000000001	-0.06	0.28
1710	0.004580000000000001	0.08	0.38
1711	0.00459	0.18	0.48
1712	0.0046	0.28	0.5
1713	0.004610000000000003	0.32	0.52
1714	0.004620000000000003	0.3	0.48
1715	0.004630000000000002	0.28	0.4
1716	0.004640000000000002	0.2	0.3
1717	0.004650000000000001	0.1	0.2
1718	0.004660000000000001	-0.02	0.08
1719	0.0046700000000000005	-0.12	-0.04
1720	0.00468	-0.24	-0.16
1721	0.004690000000000003	-0.32	-0.24
1722	0.004700000000000003	-0.38	-0.26
1723	0.004710000000000002	-0.4	-0.26
1724	0.004720000000000002	-0.36	-0.22
1725	0.0047300000000000016	-0.32	-0.14
1726	0.004740000000000001	-0.2	-0.02
1727	0.004750000000000001	-0.06	0.12
1728	0.00476	0.08	0.24
1729	0.00477	0.22	0.36
1730	0.004780000000000003	0.34	0.48
1731	0.004790000000000003	0.46	0.52
1732	0.004800000000000002	0.56	0.6
1733	0.004810000000000002	0.6	0.6
1734	0.004820000000000001	0.6	0.54
1735	0.004830000000000001	0.56	0.48
1736	0.0048400000000000006	0.5	0.36
1737	0.00485	0.4	0.26
1738	0.004860000000000003	0.28	0.12
1739	0.004870000000000003	0.16	-0.02
1740	0.004880000000000002	0.04	-0.1
1741	0.004890000000000002	-0.02	-0.18
1742	0.004900000000000002	-0.08	-0.22
1743	0.004910000000000001	-0.1	-0.22
1744	0.004920000000000001	-0.08	-0.18
1745	0.00493	0.0	-0.12
1746	0.00494	0.08	0.0
1747	0.004950000000000003	0.22	0.12
1748	0.004960000000000003	0.36	0.24
1749	0.004970000000000002	0.5	0.36
1750	0.004980000000000002	0.62	0.46
1751	0.004990000000000001	0.76	0.56
1752	0.005000000000000001	0.84	0.58
1753	0.0050100000000000006	0.86	0.58
1754	0.00502	0.88	0.54
1755	0.005030000000000003	0.8200000000000001	0.46
1756	0.005040000000000003	0.76	0.38
1757	0.005050000000000002	0.64	0.24
1758	0.005060000000000002	0.5	0.1
1759	0.005070000000000002	0.4	-0.02
1760	0.005080000000000001	0.28	-0.12
1761	0.005090000000000001	0.2	-0.22
1762	0.0051	0.12	-0.24
1763	0.00511	0.1	-0.26
1764	0.005120000000000003	0.12	-0.22
1765	0.005130000000000003	0.18	-0.14
1766	0.005140000000000002	0.28	-0.06
1767	0.005150000000000002	0.4	0.06
1768	0.005160000000000001	0.52	0.2
1769	0.005170000000000001	0.66	0.32
1770	0.005180000000000001	0.8	0.38
1771	0.00519	0.9	0.5
1772	0.005200000000000003	0.98	0.52
1773	0.005210000000000003	1.02	0.52
1774	0.005220000000000002	1.02	0.48
1775	0.005230000000000002	0.96	0.4
1776	0.005240000000000002	0.86	0.26
1777	0.005250000000000001	0.76	0.14
1778	0.005260000000000001	0.62	0.0
1779	0.00527	0.48	-0.12
1780	0.00528	0.38	-0.22
1781	0.005290000000000003	0.28	-0.3
1782	0.005300000000000003	0.2	-0.36
1783	0.005310000000000002	0.18	-0.36
1784	0.005320000000000002	0.18	-0.32
1785	0.005330000000000001	0.22	-0.24
1786	0.005340000000000001	0.32	-0.16
1787	0.005350000000000001	0.42	-0.04
1788	0.00536	0.56	0.08
1789	0.005370000000000003	0.68	0.2
1790	0.005380000000000003	0.78	0.3
1791	0.005390000000000002	0.88	0.36
1792	0.005400000000000002	0.9400000000000001	0.4
1793	0.005410000000000002	0.98	0.42
1794	0.005420000000000001	0.96	0.36
1795	0.005430000000000001	0.9	0.28
1796	0.00544	0.8200000000000001	0.16
1797	0.00545	0.68	0.04
1798	0.005460000000000003	0.54	-0.1
1799	0.005470000000000003	0.4	-0.22
1800	0.005480000000000002	0.28	-0.34
1801	0.005490000000000002	0.16	-0.44
1802	0.005500000000000001	0.08	-0.48
1803	0.005510000000000001	0.04	-0.48
1804	0.005520000000000001	0.04	-0.44
1805	0.00553	0.08	-0.38
1806	0.005540000000000003	0.18	-0.26
1807	0.005550000000000003	0.26	-0.16
1808	0.0055600000000000024	0.38	-0.04
1809	0.005570000000000002	0.48	0.08
1810	0.005580000000000002	0.62	0.16
1811	0.005590000000000001	0.7000000000000001	0.26
1812	0.005600000000000001	0.78	0.28
1813	0.00561	0.8	0.28
1814	0.00562	0.76	0.24
1815	0.005630000000000003	0.7000000000000001	0.14
1816	0.005640000000000003	0.6	0.04
1817	0.005650000000000002	0.46	-0.08
1818	0.005660000000000002	0.32	-0.2
1819	0.005670000000000001	0.18	-0.32
1820	0.005680000000000001	0.02	-0.44
1821	0.005690000000000001	-0.06	-0.52
1822	0.0057	-0.16	-0.56
1823	0.005710000000000003	-0.2	-0.58
1824	0.005720000000000003	-0.22	-0.56
1825	0.0057300000000000025	-0.18	-0.48
1826	0.005740000000000002	-0.12	-0.36
1827	0.005750000000000002	-0.02	-0.24
1828	0.005760000000000001	0.12	-0.1
1829	0.005770000000000001	0.22	0.02
1830	0.00578	0.34	0.1
1831	0.00579	0.42	0.2
1832	0.005800000000000003	0.48	0.2
1833	0.005810000000000003	0.48	0.22
1834	0.005820000000000002	0.48	0.18
1835	0.005830000000000002	0.4	0.1
1836	0.0058400000000000014	0.28	0.0
1837	0.005850000000000001	0.16	-0.12
1838	0.005860000000000001	0.04	-0.26
1839	0.00587	-0.14	-0.4
1840	0.005880000000000003	-0.26	-0.5
1841	0.005890000000000003	-0.38	-0.58
1842	0.0059000000000000025	-0.46	-0.6
1843	0.005910000000000002	-0.52	-0.6
1844	0.005920000000000002	-0.5	-0.6
1845	0.005930000000000001	-0.46	-0.5
1846	0.005940000000000001	-0.4	-0.4
1847	0.00595	-0.28	-0.26
1848	0.00596	-0.18	-0.14
1849	0.005970000000000003	-0.04	-0.02
1850	0.005980000000000003	0.06	0.1
1851	0.005990000000000002	0.14	0.18
1852	0.006000000000000002	0.2	0.22
1853	0.0060100000000000015	0.22	0.22
1854	0.006020000000000001	0.18	0.18
1855	0.006030000000000001	0.12	0.12
1856	0.00604	0.06	0.0
1857	0.006050000000000003	-0.08	-0.12
1858	0.006060000000000003	-0.22	-0.24
1859	0.0060700000000000025	-0.36	-0.36
1860	0.006080000000000002	-0.5	-0.46
1861	0.006090000000000002	-0.6	-0.54
1862	0.006100000000000001	-0.68	-0.58
1863	0.006110000000000001	-0.72	-0.56
1864	0.0061200000000000004	-0.72	-0.54
1865	0.00613	-0.68	-0.46
1866	0.006140000000000003	-0.6	-0.34
1867	0.006150000000000003	-0.48	-0.22
1868	0.006160000000000002	-0.36	-0.08
1869	0.006170000000000002	-0.22	0.04
1870	0.0061800000000000015	-0.12	0.16
1871	0.006190000000000001	-0.04	0.24
1872	0.006200000000000001	0.06	0.28
1873	0.00621	0.08	0.28
1874	0.006220000000000003	0.06	0.24
1875	0.006230000000000003	0.02	0.18
1876	0.0062400000000000025	-0.08	0.1
1877	0.006250000000000002	-0.18	-0.04
1878	0.006260000000000002	-0.32	-0.16
1879	0.006270000000000001	-0.46	-0.28
1880	0.006280000000000001	-0.6	-0.38
1881	0.0062900000000000005	-0.68	-0.46
1882	0.0063	-0.74	-0.48
1883	0.006310000000000003	-0.78	-0.48
1884	0.006320000000000003	-0.74	-0.44
1885	0.006330000000000002	-0.7000000000000001	-0.34
1886	0.006340000000000002	-0.62	-0.24
1887	0.0063500000000000015	-0.48	-0.1
1888	0.006360000000000001	-0.38	0.04
1889	0.006370000000000001	-0.22	0.16
1890	0.00638	-0.1	0.26
1891	0.006390000000000003	-0.02	0.36
1892	0.006400000000000003	0.06	0.4
1893	0.0064100000000000025	0.12	0.4
1894	0.006420000000000002	0.1	0.38
1895	0.006430000000000002	0.06	0.3
1896	0.006440000000000001	-0.02	0.2
1897	0.006450000000000001	-0.12	0.08
1898	0.0064600000000000005	-0.26	-0.04
1899	0.00647	-0.38	-0.16
1900	0.006480000000000003	-0.5	-0.24
1901	0.006490000000000003	-0.58	-0.32
1902	0.006500000000000002	-0.64	-0.36
1903	0.006510000000000002	-0.66	-0.36
1904	0.0065200000000000015	-0.64	-0.3
1905	0.006530000000000001	-0.56	-0.22
1906	0.006540000000000001	-0.48	-0.12
1907	0.00655	-0.36	0.0
1908	0.006560000000000003	-0.2	0.14
1909	0.006570000000000003	-0.06	0.26
1910	0.0065800000000000025	0.1	0.4
1911	0.006590000000000002	0.18	0.46
1912	0.006600000000000002	0.26	0.52
1913	0.006610000000000001	0.3	0.52
1914	0.006620000000000001	0.32	0.48
1915	0.0066300000000000005	0.28	0.42
1916	0.00664	0.18	0.3
1917	0.006650000000000003	0.1	0.2
1918	0.006660000000000003	-0.02	0.08
1919	0.006670000000000002	-0.14	-0.04
1920	0.006680000000000002	-0.24	-0.16
1921	0.0066900000000000015	-0.32	-0.24
1922	0.006700000000000001	-0.38	-0.24
1923	0.006710000000000001	-0.4	-0.24
1924	0.00672	-0.36	-0.22
1925	0.006730000000000003	-0.3	-0.14
1926	0.006740000000000003	-0.2	-0.04
1927	0.0067500000000000025	-0.08	0.08
1928	0.006760000000000002	0.08	0.22
1929	0.006770000000000002	0.22	0.36
1930	0.006780000000000001	0.36	0.46
1931	0.006790000000000001	0.46	0.54
1932	0.0068000000000000005	0.56	0.58
1933	0.00681	0.6	0.6
1934	0.006820000000000003	0.6	0.56
1935	0.006830000000000003	0.56	0.48
1936	0.006840000000000002	0.5	0.36
1937	0.006850000000000002	0.38	0.24
1938	0.0068600000000000015	0.28	0.12
1939	0.006870000000000001	0.16	-0.02
1940	0.006880000000000001	0.06	-0.1
1941	0.00689	-0.04	-0.18
1942	0.006900000000000003	-0.08	-0.22
1943	0.006910000000000003	-0.12	-0.22
1944	0.0069200000000000025	-0.06	-0.18
1945	0.006930000000000002	0.0	-0.1
1946	0.006940000000000002	0.1	0.0
1947	0.006950000000000001	0.2	0.12
1948	0.006960000000000001	0.36	0.24
1949	0.0069700000000000005	0.5	0.36
1950	0.00698	0.64	0.48
1951	0.006990000000000003	0.76	0.54
1952	0.007000000000000003	0.8200000000000001	0.56
1953	0.007010000000000002	0.88	0.58
1954	0.007020000000000002	0.86	0.54
1955	0.0070300000000000015	0.8200000000000001	0.48
1956	0.007040000000000001	0.74	0.36
1957	0.007050000000000001	0.64	0.22
1958	0.00706	0.52	0.12
1959	0.007070000000000003	0.42	-0.02
1960	0.007080000000000003	0.28	-0.14
1961	0.0070900000000000026	0.18	-0.22
1962	0.007100000000000002	0.14	-0.26
1963	0.007110000000000002	0.12	-0.26
1964	0.007120000000000001	0.12	-0.22
1965	0.007130000000000001	0.18	-0.14
1966	0.0071400000000000005	0.3	-0.04
1967	0.00715	0.4	0.06
1968	0.007160000000000003	0.54	0.18
1969	0.007170000000000003	0.68	0.3
1970	0.007180000000000002	0.8	0.42
1971	0.007190000000000002	0.9	0.48
1972	0.0072000000000000015	1.0	0.52
1973	0.007210000000000001	1.02	0.5
1974	0.007220000000000001	1.02	0.48
1975	0.00723	0.96	0.38
1976	0.007240000000000003	0.88	0.28
1977	0.007250000000000003	0.76	0.14
1978	0.0072600000000000026	0.62	0.02
1979	0.007270000000000002	0.5	-0.12
1980	0.007280000000000002	0.36	-0.22
1981	0.007290000000000001	0.26	-0.32
1982	0.007300000000000001	0.2	-0.36
1983	0.0073100000000000005	0.18	-0.36
1984	0.00732	0.18	-0.32
1985	0.007330000000000003	0.22	-0.26
1986	0.007340000000000003	0.32	-0.14
1987	0.007350000000000002	0.42	-0.04
1988	0.007360000000000002	0.56	0.08
1989	0.0073700000000000015	0.68	0.2
1990	0.007380000000000001	0.8	0.3
1991	0.007390000000000001	0.9	0.36
1992	0.0074	0.96	0.4
1993	0.007410000000000003	1.0	0.4
1994	0.007420000000000003	0.96	0.34
1995	0.007430000000000003	0.9	0.26
1996	0.007440000000000002	0.8200000000000001	0.16
1997	0.007450000000000002	0.68	0.04
1998	0.007460000000000001	0.54	-0.1
1999	0.007470000000000001	0.4	-0.22
2000	0.0074800000000000005	0.28	-0.36
2001	0.00749	0.18	-0.44
2002	0.007500000000000003	0.1	-0.48
2003	0.007510000000000003	0.04	-0.48
2004	0.007520000000000002	0.04	-0.46
2005	0.007530000000000002	0.08	-0.36
2006	0.0075400000000000016	0.16	-0.26
2007	0.007550000000000001	0.28	-0.16
2008	0.007560000000000001	0.38	-0.04
2009	0.00757	0.5	0.08
2010	0.007580000000000003	0.62	0.2
2011	0.007590000000000003	0.7000000000000001	0.26
2012	0.007600000000000003	0.76	0.28
2013	0.007610000000000002	0.78	0.3
2014	0.007620000000000002	0.76	0.26
2015	0.007630000000000001	0.68	0.14
2016	0.007640000000000001	0.58	0.04
2017	0.0076500000000000005	0.46	-0.08
2018	0.00766	0.32	-0.2
2019	0.007670000000000003	0.16	-0.34
2020	0.007680000000000003	0.02	-0.46
2021	0.007690000000000002	-0.06	-0.54
2022	0.007700000000000002	-0.14	-0.56
2023	0.007710000000000002	-0.2	-0.58
2024	0.007720000000000001	-0.2	-0.56
2025	0.007730000000000001	-0.16	-0.48
2026	0.00774	-0.12	-0.36
2027	0.007750000000000003	-0.02	-0.24
2028	0.007760000000000003	0.12	-0.12
2029	0.007770000000000003	0.22	0.0
2030	0.007780000000000002	0.34	0.12
2031	0.007790000000000002	0.44	0.16
2032	0.007800000000000001	0.46	0.22
2033	0.007810000000000001	0.48	0.22
2034	0.00782	0.46	0.18
2035	0.00783	0.38	0.08
2036	0.007840000000000003	0.28	0.0
2037	0.007850000000000003	0.16	-0.14
2038	0.007860000000000002	0.04	-0.26
2039	0.007870000000000002	-0.12	-0.38
2040	0.007880000000000002	-0.26	-0.48
2041	0.007890000000000001	-0.38	-0.58
2042	0.0079	-0.46	-0.62
2043	0.00791	-0.5	-0.6
2044	0.007920000000000003	-0.52	-0.58
2045	0.007930000000000003	-0.46	-0.5
2046	0.007940000000000003	-0.4	-0.38
2047	0.007950000000000002	-0.3	-0.26
2048	0.007960000000000002	-0.18	-0.12
2049	0.007970000000000001	-0.06	0.0
2050	0.007980000000000001	0.04	0.1
2051	0.00799	0.14	0.18
2052	0.008	0.2	0.22
2053	0.008010000000000003	0.2	0.22
2054	0.008020000000000003	0.18	0.16
2055	0.008030000000000002	0.14	0.1
2056	0.008040000000000002	0.04	0.0
2057	0.008050000000000002	-0.1	-0.1
2058	0.008060000000000001	-0.24	-0.24
2059	0.00807	-0.36	-0.36
2060	0.00808	-0.5	-0.48
2061	0.008090000000000003	-0.6	-0.54
2062	0.008100000000000003	-0.68	-0.58
2063	0.008110000000000003	-0.72	-0.58
2064	0.008120000000000002	-0.72	-0.54
2065	0.008130000000000002	-0.66	-0.46
2066	0.008140000000000001	-0.6	-0.34
2067	0.008150000000000001	-0.48	-0.22
2068	0.00816	-0.36	-0.06
2069	0.00817	-0.22	0.04
2070	0.008180000000000003	-0.1	0.16
2071	0.008190000000000003	-0.02	0.24
2072	0.008200000000000002	0.06	0.3
2073	0.008210000000000002	0.08	0.28
2074	0.008220000000000002	0.06	0.24
2075	0.008230000000000001	0.0	0.18
2076	0.00824	-0.08	0.08
2077	0.00825	-0.2	-0.04
2078	0.008260000000000003	-0.32	-0.16
2079	0.008270000000000003	-0.46	-0.26
2080	0.008280000000000003	-0.6	-0.38
2081	0.008290000000000002	-0.7000000000000001	-0.44
2082	0.008300000000000002	-0.74	-0.48
2083	0.008310000000000001	-0.76	-0.5
2084	0.008320000000000001	-0.76	-0.42
2085	0.00833	-0.7000000000000001	-0.34
2086	0.00834	-0.62	-0.24
2087	0.008350000000000003	-0.5	-0.1
2088	0.008360000000000003	-0.38	0.02
2089	0.008370000000000002	-0.22	0.16
2090	0.008380000000000002	-0.08	0.28
2091	0.008390000000000002	0.02	0.36
2092	0.008400000000000001	0.08	0.4
2093	0.00841	0.12	0.4
2094	0.00842	0.12	0.36
2095	0.008430000000000003	0.06	0.3
2096	0.008440000000000003	-0.02	0.18
2097	0.008450000000000003	-0.12	0.08
2098	0.008460000000000002	-0.24	-0.04
2099	0.008470000000000002	-0.36	-0.16
2100	0.008480000000000001	-0.48	-0.26
2101	0.008490000000000001	-0.58	-0.32
2102	0.0085	-0.64	-0.36
2103	0.00851	-0.64	-0.34
2104	0.008520000000000003	-0.64	-0.3
2105	0.008530000000000003	-0.56	-0.24
2106	0.008540000000000002	-0.46	-0.12
2107	0.008550000000000002	-0.36	0.02
2108	0.008560000000000002	-0.2	0.14
2109	0.008570000000000001	-0.04	0.28
2110	0.00858	0.06	0.38
2111	0.00859	0.2	0.48
2112	0.008600000000000003	0.28	0.52
2113	0.008610000000000003	0.32	0.52
2114	0.008620000000000003	0.3	0.48
2115	0.008630000000000002	0.28	0.42
2116	0.008640000000000002	0.2	0.32
2117	0.008650000000000001	0.1	0.18
2118	0.008660000000000001	-0.02	0.08
2119	0.00867	-0.12	-0.06
2120	0.00868	-0.24	-0.16
2121	0.008690000000000003	-0.32	-0.22
2122	0.008700000000000003	-0.38	-0.26
2123	0.008710000000000002	-0.4	-0.26
2124	0.008720000000000002	-0.38	-0.2
2125	0.008730000000000002	-0.32	-0.14
2126	0.008740000000000001	-0.2	-0.02
2127	0.00875	-0.06	0.1
2128	0.00876	0.08	0.24
2129	0.008770000000000003	0.24	0.36
2130	0.008780000000000003	0.36	0.48
2131	0.008790000000000003	0.46	0.54
2132	0.008800000000000002	0.56	0.58
2133	0.008810000000000002	0.6	0.6
2134	0.008820000000000001	0.6	0.56
2135	0.008830000000000001	0.56	0.48
2136	0.00884	0.5	0.38
2137	0.00885	0.4	0.26
2138	0.008860000000000003	0.28	0.1
2139	0.008870000000000003	0.14	0.0
2140	0.008880000000000002	0.06	-0.1
2141	0.008890000000000002	-0.04	-0.18
2142	0.008900000000000002	-0.1	-0.22
2143	0.008910000000000001	-0.1	-0.22
2144	0.00892	-0.08	-0.2
2145	0.00893	-0.02	-0.12
2146	0.008940000000000003	0.08	0.0
2147	0.008950000000000003	0.22	0.12
2148	0.008960000000000003	0.36	0.24
2149	0.008970000000000002	0.5	0.36
2150	0.008980000000000002	0.66	0.48
2151	0.008990000000000001	0.76	0.54
2152	0.009000000000000001	0.84	0.58
2153	0.00901	0.86	0.58
2154	0.00902	0.84	0.54
2155	0.009030000000000003	0.84	0.46
2156	0.009040000000000003	0.76	0.36
2157	0.009050000000000002	0.62	0.24
2158	0.009060000000000002	0.52	0.1
2159	0.009070000000000002	0.4	-0.02
2160	0.009080000000000001	0.3	-0.14
2161	0.00909	0.18	-0.2
2162	0.0091	0.14	-0.24
2163	0.009110000000000004	0.12	-0.26
2164	0.009120000000000003	0.12	-0.24
2165	0.009130000000000003	0.2	-0.14
2166	0.009140000000000002	0.28	-0.06
2167	0.009150000000000002	0.4	0.08
2168	0.009160000000000001	0.54	0.2
2169	0.009170000000000001	0.66	0.3
2170	0.00918	0.8	0.4
2171	0.00919	0.9	0.48
2172	0.009200000000000003	0.98	0.52
2173	0.009210000000000003	1.02	0.52
2174	0.009220000000000002	1.02	0.48
2175	0.009230000000000002	0.96	0.4
2176	0.009240000000000002	0.86	0.28
2177	0.009250000000000001	0.76	0.14
2178	0.009260000000000001	0.64	0.02
2179	0.00927	0.5	-0.12
2180	0.009280000000000004	0.38	-0.22
2181	0.009290000000000003	0.28	-0.3
2182	0.009300000000000003	0.2	-0.34
2183	0.009310000000000002	0.18	-0.34
2184	0.009320000000000002	0.18	-0.32
2185	0.009330000000000001	0.24	-0.24
2186	0.009340000000000001	0.32	-0.14
2187	0.00935	0.42	-0.04
2188	0.00936	0.56	0.1
2189	0.009370000000000003	0.68	0.22
2190	0.009380000000000003	0.8	0.3
2191	0.009390000000000003	0.9	0.38
2192	0.009400000000000002	0.9400000000000001	0.4
2193	0.009410000000000002	0.98	0.4
2194	0.009420000000000001	0.9400000000000001	0.34
2195	0.009430000000000001	0.88	0.28
2196	0.00944	0.8200000000000001	0.16
2197	0.009450000000000004	0.7000000000000001	0.02
2198	0.009460000000000003	0.52	-0.1
2199	0.009470000000000003	0.4	-0.24
2200	0.009480000000000002	0.26	-0.34
2201	0.009490000000000002	0.16	-0.44
2202	0.009500000000000001	0.1	-0.48
2203	0.009510000000000001	0.06	-0.48
2204	0.00952	0.06	-0.46
2205	0.00953	0.08	-0.38
2206	0.009540000000000003	0.16	-0.28
2207	0.009550000000000003	0.28	-0.14
2208	0.009560000000000003	0.4	-0.04
2209	0.009570000000000002	0.5	0.08
2210	0.009580000000000002	0.62	0.2
2211	0.009590000000000001	0.72	0.26
2212	0.009600000000000001	0.76	0.3
2213	0.00961	0.76	0.28
2214	0.009620000000000004	0.74	0.24
2215	0.009630000000000003	0.68	0.16
2216	0.009640000000000003	0.58	0.06
2217	0.009650000000000002	0.46	-0.08
2218	0.009660000000000002	0.3	-0.22
2219	0.009670000000000002	0.18	-0.32
2220	0.009680000000000001	0.04	-0.48
2221	0.00969	-0.08	-0.54
2222	0.0097	-0.14	-0.58
2223	0.009710000000000003	-0.22	-0.58
2224	0.009720000000000003	-0.22	-0.56
2225	0.009730000000000003	-0.18	-0.46
2226	0.009740000000000002	-0.1	-0.34
2227	0.009750000000000002	-0.04	-0.24
2228	0.009760000000000001	0.12	-0.12
2229	0.009770000000000001	0.24	0.02
2230	0.00978	0.34	0.1
2231	0.009790000000000004	0.42	0.18
2232	0.009800000000000003	0.46	0.22
2233	0.009810000000000003	0.5	0.2
2234	0.009820000000000002	0.48	0.16
2235	0.009830000000000002	0.38	0.1
2236	0.009840000000000002	0.28	0.0
2237	0.009850000000000001	0.16	-0.12
2238	0.00986	0.0	-0.26
2239	0.00987	-0.12	-0.38
2240	0.009880000000000003	-0.26	-0.5
2241	0.009890000000000003	-0.36	-0.58
2242	0.009900000000000003	-0.48	-0.6
2243	0.009910000000000002	-0.5	-0.6
2244	0.009920000000000002	-0.5	-0.58
2245	0.009930000000000001	-0.46	-0.5
2246	0.009940000000000001	-0.4	-0.38
2247	0.00995	-0.3	-0.26
2248	0.009960000000000004	-0.16	-0.14
2249	0.009970000000000003	-0.04	0.02
2250	0.009980000000000003	0.06	0.08
2251	0.009990000000000002	0.14	0.16
2252	0.010000000000000002	0.2	0.22
2253	0.010010000000000002	0.22	0.22
2254	0.010020000000000001	0.2	0.18
2255	0.01003	0.12	0.1
2256	0.01004	0.02	0.02
2257	0.010050000000000003	-0.1	-0.12
2258	0.010060000000000003	-0.22	-0.24
2259	0.010070000000000003	-0.36	-0.36
2260	0.010080000000000002	-0.5	-0.48
2261	0.010090000000000002	-0.6	-0.54
2262	0.010100000000000001	-0.68	-0.6
2263	0.010110000000000001	-0.72	-0.58
2264	0.01012	-0.72	-0.52
2265	0.010130000000000004	-0.64	-0.46
2266	0.010140000000000003	-0.6	-0.34
2267	0.010150000000000003	-0.48	-0.2
2268	0.010160000000000002	-0.34	-0.08
2269	0.010170000000000002	-0.22	0.06
2270	0.010180000000000002	-0.1	0.16
2271	0.010190000000000001	-0.02	0.24
2272	0.0102	0.06	0.3
2273	0.01021	0.08	0.3
2274	0.010220000000000003	0.04	0.26
2275	0.010230000000000003	0.0	0.18
2276	0.010240000000000003	-0.08	0.08
2277	0.010250000000000002	-0.18	-0.06
2278	0.010260000000000002	-0.32	-0.16
2279	0.010270000000000001	-0.48	-0.26
2280	0.010280000000000001	-0.6	-0.38
2281	0.01029	-0.68	-0.46
2282	0.010300000000000004	-0.74	-0.48
2283	0.010310000000000003	-0.78	-0.48
2284	0.010320000000000003	-0.76	-0.44
2285	0.010330000000000002	-0.72	-0.34
2286	0.010340000000000002	-0.62	-0.24
2287	0.010350000000000002	-0.5	-0.1
2288	0.010360000000000001	-0.36	0.02
2289	0.01037	-0.22	0.16
2290	0.01038	-0.1	0.26
2291	0.010390000000000003	0.0	0.36
2292	0.010400000000000003	0.08	0.4
2293	0.010410000000000003	0.12	0.4
2294	0.010420000000000002	0.1	0.38
2295	0.010430000000000002	0.06	0.28
2296	0.010440000000000001	-0.02	0.2
2297	0.010450000000000001	-0.14	0.08
2298	0.01046	-0.24	-0.04
2299	0.010470000000000004	-0.38	-0.14
2300	0.010480000000000003	-0.48	-0.26
2301	0.010490000000000003	-0.58	-0.32
2302	0.010500000000000002	-0.64	-0.38
2303	0.010510000000000002	-0.66	-0.34
2304	0.010520000000000002	-0.64	-0.3
2305	0.010530000000000001	-0.56	-0.22
2306	0.01054	-0.46	-0.12
2307	0.01055	-0.34	0.0
2308	0.010560000000000003	-0.2	0.14
2309	0.010570000000000003	-0.06	0.28
2310	0.010580000000000003	0.08	0.38
2311	0.010590000000000002	0.18	0.48
2312	0.010600000000000002	0.28	0.5
2313	0.010610000000000001	0.3	0.52
2314	0.010620000000000001	0.32	0.48
2315	0.01063	0.26	0.4
2316	0.010640000000000004	0.2	0.32
2317	0.010650000000000003	0.12	0.18
2318	0.010660000000000003	0.0	0.08
2319	0.010670000000000002	-0.14	-0.06
2320	0.010680000000000002	-0.22	-0.14
2321	0.010690000000000002	-0.32	-0.22
2322	0.010700000000000001	-0.38	-0.26
2323	0.01071	-0.4	-0.26
2324	0.01072	-0.38	-0.22
2325	0.010730000000000003	-0.3	-0.14
2326	0.010740000000000003	-0.18	-0.02
2327	0.010750000000000003	-0.06	0.1
2328	0.010760000000000002	0.06	0.24
2329	0.010770000000000002	0.22	0.36
2330	0.010780000000000001	0.34	0.46
2331	0.010790000000000001	0.48	0.54
2332	0.0108	0.56	0.58
2333	0.010810000000000004	0.6	0.58
2334	0.010820000000000003	0.62	0.54
2335	0.010830000000000003	0.56	0.48
2336	0.010840000000000002	0.48	0.38
2337	0.010850000000000002	0.38	0.24
2338	0.010860000000000002	0.28	0.12
2339	0.010870000000000001	0.14	0.0
2340	0.01088	0.06	-0.1
2341	0.01089	-0.04	-0.2
2342	0.010900000000000003	-0.1	-0.22
2343	0.010910000000000003	-0.1	-0.22
2344	0.010920000000000003	-0.08	-0.18
2345	0.010930000000000002	-0.02	-0.12
2346	0.010940000000000002	0.08	0.0
2347	0.010950000000000001	0.22	0.12
2348	0.010960000000000001	0.34	0.26
2349	0.01097	0.5	0.36
2350	0.010980000000000004	0.64	0.48
2351	0.010990000000000003	0.76	0.54
2352	0.011000000000000003	0.84	0.6
2353	0.011010000000000002	0.86	0.58
2354	0.011020000000000002	0.86	0.54
2355	0.011030000000000002	0.8200000000000001	0.46
2356	0.011040000000000001	0.74	0.36
2357	0.01105	0.62	0.22
2358	0.01106	0.52	0.12
2359	0.011070000000000003	0.4	-0.04
2360	0.011080000000000003	0.28	-0.12
2361	0.011090000000000003	0.2	-0.22
2362	0.011100000000000002	0.12	-0.26
2363	0.011110000000000002	0.1	-0.28
2364	0.011120000000000001	0.12	-0.24
2365	0.011130000000000001	0.18	-0.16
2366	0.01114	0.3	-0.04
2367	0.011150000000000004	0.42	0.06
2368	0.011160000000000003	0.54	0.2
2369	0.011170000000000003	0.66	0.3
2370	0.011180000000000002	0.8	0.42
2371	0.011190000000000002	0.9	0.48
2372	0.011200000000000002	0.98	0.52
2373	0.011210000000000001	1.02	0.52
2374	0.01122	1.0	0.48
2375	0.01123	0.9400000000000001	0.38
2376	0.011240000000000003	0.88	0.28
2377	0.011250000000000003	0.76	0.14
2378	0.011260000000000003	0.62	0.02
2379	0.011270000000000002	0.48	-0.1
2380	0.011280000000000002	0.38	-0.2
2381	0.011290000000000001	0.3	-0.3
2382	0.011300000000000001	0.22	-0.36
2383	0.01131	0.16	-0.36
2384	0.011320000000000004	0.18	-0.32
2385	0.011330000000000003	0.22	-0.24
2386	0.011340000000000003	0.32	-0.16
2387	0.011350000000000002	0.44	-0.04
2388	0.011360000000000002	0.56	0.08
2389	0.011370000000000002	0.68	0.2
2390	0.011380000000000001	0.8	0.3
2391	0.01139	0.88	0.36
2392	0.0114	0.96	0.4
2393	0.011410000000000003	0.98	0.4
2394	0.011420000000000003	0.96	0.38
2395	0.011430000000000003	0.9	0.26
2396	0.011440000000000002	0.8200000000000001	0.14
2397	0.011450000000000002	0.66	0.04
2398	0.011460000000000001	0.54	-0.1
2399	0.011470000000000001	0.4	-0.24
2400	0.01148	0.28	-0.32
2401	0.011490000000000004	0.18	-0.44
2402	0.011500000000000003	0.08	-0.46
2403	0.011510000000000003	0.06	-0.48
2404	0.011520000000000002	0.04	-0.44
2405	0.011530000000000002	0.1	-0.36
2406	0.011540000000000002	0.16	-0.28
2407	0.011550000000000001	0.28	-0.14
2408	0.01156	0.4	-0.04
2409	0.01157	0.52	0.08
2410	0.011580000000000003	0.62	0.18
2411	0.011590000000000003	0.7000000000000001	0.26
2412	0.011600000000000003	0.76	0.28
2413	0.011610000000000002	0.78	0.28
2414	0.011620000000000002	0.76	0.24
2415	0.011630000000000001	0.7000000000000001	0.16
2416	0.011640000000000001	0.6	0.04
2417	0.01165	0.44	-0.08
2418	0.011660000000000004	0.32	-0.2
2419	0.011670000000000003	0.16	-0.34
2420	0.011680000000000003	0.04	-0.44
2421	0.011690000000000002	-0.08	-0.56
2422	0.011700000000000002	-0.16	-0.56
2423	0.011710000000000002	-0.22	-0.56
2424	0.011720000000000001	-0.22	-0.54
2425	0.01173	-0.18	-0.46
2426	0.01174	-0.1	-0.36
2427	0.011750000000000003	-0.02	-0.24
2428	0.011760000000000003	0.12	-0.12
2429	0.011770000000000003	0.22	0.0
2430	0.011780000000000002	0.32	0.1
2431	0.011790000000000002	0.42	0.18
2432	0.011800000000000001	0.48	0.2
2433	0.011810000000000001	0.48	0.2
2434	0.01182	0.46	0.16
2435	0.011830000000000004	0.4	0.1
2436	0.011840000000000003	0.3	0.0
2437	0.011850000000000003	0.16	-0.12
2438	0.011860000000000002	0.02	-0.28
2439	0.011870000000000002	-0.14	-0.38
2440	0.011880000000000002	-0.24	-0.5
2441	0.011890000000000001	-0.36	-0.58
2442	0.0119	-0.46	-0.6
2443	0.01191	-0.5	-0.62
2444	0.011920000000000004	-0.5	-0.56
2445	0.011930000000000003	-0.46	-0.48
2446	0.011940000000000003	-0.38	-0.38
2447	0.011950000000000002	-0.32	-0.26
2448	0.011960000000000002	-0.18	-0.12
2449	0.011970000000000001	-0.06	0.0
2450	0.011980000000000001	0.06	0.1
2451	0.01199	0.14	0.16
2452	0.012000000000000004	0.2	0.22
2453	0.012010000000000003	0.22	0.22
2454	0.012020000000000003	0.2	0.18
2455	0.012030000000000002	0.12	0.1
2456	0.012040000000000002	0.04	0.0
2457	0.012050000000000002	-0.08	-0.12
2458	0.012060000000000001	-0.22	-0.26
2459	0.01207	-0.38	-0.36
2460	0.01208	-0.5	-0.48
2461	0.012090000000000004	-0.6	-0.54
2462	0.012100000000000003	-0.68	-0.58
2463	0.012110000000000003	-0.7000000000000001	-0.56
2464	0.012120000000000002	-0.72	-0.54
2465	0.012130000000000002	-0.66	-0.44
2466	0.012140000000000001	-0.6	-0.36
2467	0.012150000000000001	-0.48	-0.2
2468	0.01216	-0.34	-0.08
2469	0.012170000000000004	-0.22	0.06
2470	0.012180000000000003	-0.1	0.16
2471	0.012190000000000003	-0.02	0.24
2472	0.012200000000000003	0.06	0.28
2473	0.012210000000000002	0.06	0.3
2474	0.012220000000000002	0.06	0.26
2475	0.012230000000000001	0.02	0.18
2476	0.012240000000000001	-0.08	0.1
2477	0.01225	-0.18	-0.04
2478	0.012260000000000004	-0.34	-0.16
2479	0.012270000000000003	-0.48	-0.26
2480	0.012280000000000003	-0.58	-0.38
2481	0.012290000000000002	-0.68	-0.46
2482	0.012300000000000002	-0.74	-0.5
2483	0.012310000000000001	-0.78	-0.48
2484	0.012320000000000001	-0.74	-0.44
2485	0.01233	-0.72	-0.34
2486	0.012340000000000004	-0.62	-0.24
2487	0.012350000000000003	-0.5	-0.12
2488	0.012360000000000003	-0.36	0.02
2489	0.012370000000000003	-0.22	0.16
2490	0.012380000000000002	-0.1	0.26
2491	0.012390000000000002	0.0	0.36
2492	0.012400000000000001	0.08	0.4
2493	0.012410000000000001	0.12	0.42
2494	0.01242	0.12	0.36
2495	0.012430000000000004	0.06	0.3
2496	0.012440000000000003	-0.02	0.2
2497	0.012450000000000003	-0.12	0.08
2498	0.012460000000000002	-0.26	-0.04
2499	0.012470000000000002	-0.36	-0.16
