time (s) 	 CH1 (V) 	 CH2 (V)
2e-05	1.2000000000000002	0.6000000000000001
4e-05	1.4000000000000001	0.6000000000000001
6.000000000000001e-05	1.4000000000000001	0.8
8e-05	1.6	1.0
0.0001	1.8	1.0
0.00012000000000000002	1.8	1.2000000000000002
0.00014000000000000001	1.8	1.2000000000000002
0.00016	1.8	1.2000000000000002
0.00018	2.0	1.2000000000000002
0.0002	2.2	1.4000000000000001
0.00022	2.4000000000000004	1.6
0.00024000000000000003	2.6	1.8
0.00026000000000000003	2.6	1.8
0.00028000000000000003	2.8000000000000003	2.0
0.00030000000000000003	3.0	2.2
0.00032	3.2	2.4000000000000004
0.00034	3.2	2.4000000000000004
0.00036	3.2	2.6
0.00038	3.4000000000000004	2.6
0.0004	3.4000000000000004	2.6
0.00042	3.4000000000000004	2.6
0.00044	3.6	2.6
0.00046	3.6	2.8000000000000003
0.00048000000000000007	3.8000000000000003	2.8000000000000003
0.0005	3.8000000000000003	3.0
0.0005200000000000001	4.0	3.2
0.00054	4.0	3.0
0.0005600000000000001	4.0	3.2
0.00058	4.0	3.2
0.0006000000000000001	4.2	3.4000000000000004
0.00062	4.2	3.4000000000000004
0.00064	4.4	3.6
0.0006600000000000001	4.6000000000000005	3.6
0.00068	4.6000000000000005	3.8000000000000003
0.0007000000000000001	4.800000000000001	4.0
0.00072	4.800000000000001	4.0
0.0007400000000000001	5.0	4.2
0.00076	5.0	4.2
0.0007800000000000001	5.2	4.2
0.0008	5.0	4.4
0.0008200000000000001	5.4	4.4
0.00084	5.4	4.6000000000000005
0.0008600000000000001	5.4	4.6000000000000005
0.00088	5.4	4.800000000000001
0.0009000000000000001	5.6000000000000005	4.800000000000001
0.00092	5.6000000000000005	5.0
0.0009400000000000001	5.800000000000001	4.800000000000001
0.0009600000000000001	5.800000000000001	5.0
0.0009800000000000002	6.0	5.0
0.001	6.0	5.2
0.00102	6.2	5.4
0.0010400000000000001	6.2	5.4
0.0010600000000000002	6.4	5.4
0.00108	6.4	5.6000000000000005
0.0011	6.6000000000000005	5.6000000000000005
0.0011200000000000001	6.6000000000000005	5.6000000000000005
0.0011400000000000002	6.6000000000000005	5.800000000000001
0.00116	6.800000000000001	6.0
0.00118	6.800000000000001	6.2
0.0012000000000000001	7.0	6.2
0.0012200000000000002	7.2	6.2
0.00124	7.2	6.4
0.00126	7.2	6.4
0.00128	7.2	6.4
0.0013000000000000002	7.4	6.6000000000000005
0.0013200000000000002	7.6000000000000005	6.800000000000001
0.00134	7.6000000000000005	7.0
0.00136	7.800000000000001	7.0
0.0013800000000000002	7.800000000000001	7.0
0.0014000000000000002	8.0	7.0
0.00142	8.0	7.0
0.00144	8.0	7.2
0.0014600000000000001	8.200000000000001	7.4
0.0014800000000000002	8.4	7.4
0.0015	8.4	7.6000000000000005
0.00152	8.6	7.6000000000000005
0.0015400000000000001	8.6	7.800000000000001
0.0015600000000000002	8.8	7.800000000000001
0.00158	8.8	7.800000000000001
0.0016	8.8	8.0
0.0016200000000000001	9.0	8.200000000000001
0.0016400000000000002	9.200000000000001	8.4
0.0016600000000000002	9.200000000000001	8.4
0.00168	9.4	8.6
0.0017000000000000001	9.600000000000001	8.6
0.0017200000000000002	9.600000000000001	8.8
0.0017400000000000002	9.8	9.0
0.00176	9.8	9.0
0.0017800000000000001	10.0	9.200000000000001
0.0018000000000000002	10.0	9.200000000000001
0.0018200000000000002	10.200000000000001	9.4
0.00184	10.200000000000001	9.4
0.00186	10.4	9.4
0.0018800000000000002	10.4	9.600000000000001
0.0019000000000000002	10.4	9.600000000000001
0.0019200000000000003	10.600000000000001	9.8
0.00194	10.8	10.0
0.0019600000000000004	10.8	10.0
0.00198	11.0	10.0
0.002	11.0	10.200000000000001
0.00202	11.200000000000001	10.200000000000001
0.00204	11.200000000000001	10.4
0.00206	11.4	10.600000000000001
0.0020800000000000003	11.600000000000001	10.600000000000001
0.0021000000000000003	11.600000000000001	10.8
0.0021200000000000004	11.600000000000001	10.8
0.00214	11.8	10.8
0.00216	11.8	11.0
0.00218	12.0	11.0
0.0022	12.0	11.200000000000001
0.00222	12.200000000000001	11.200000000000001
0.0022400000000000002	12.200000000000001	11.200000000000001
0.0022600000000000003	12.200000000000001	11.4
0.0022800000000000003	12.4	11.4
0.0023000000000000004	12.4	11.600000000000001
0.00232	12.600000000000001	11.600000000000001
0.00234	12.600000000000001	11.8
0.00236	12.8	11.8
0.00238	12.8	12.0
0.0024000000000000002	13.0	12.200000000000001
0.0024200000000000003	13.200000000000001	12.200000000000001
0.0024400000000000003	13.200000000000001	12.200000000000001
0.0024600000000000004	13.4	12.4
0.00248	13.4	12.4
0.0025	13.600000000000001	12.600000000000001
0.00252	13.600000000000001	12.600000000000001
0.00254	13.600000000000001	12.8
0.00256	13.8	12.8
0.0025800000000000003	13.8	13.0
0.0026000000000000003	14.0	13.0
0.0026200000000000004	14.0	13.0
0.0026400000000000004	14.200000000000001	13.200000000000001
0.00266	14.200000000000001	13.200000000000001
0.00268	14.200000000000001	13.200000000000001
0.0027	14.200000000000001	13.200000000000001
0.00272	14.4	13.4
0.0027400000000000002	14.4	13.4
0.0027600000000000003	14.4	13.600000000000001
0.0027800000000000004	14.4	13.600000000000001
0.0028000000000000004	14.600000000000001	13.600000000000001
0.00282	14.600000000000001	13.600000000000001
0.00284	14.600000000000001	13.8
0.00286	14.8	13.8
0.00288	14.8	13.8
0.0029000000000000002	14.8	13.8
0.0029200000000000003	14.8	13.8
0.0029400000000000003	15.0	14.0
0.0029600000000000004	14.8	14.0
0.0029800000000000004	14.8	14.0
0.003	15.0	14.0
0.00302	15.0	14.0
0.00304	14.8	14.0
0.0030600000000000002	15.0	14.200000000000001
0.0030800000000000003	15.0	14.0
0.0031000000000000003	15.0	14.0
0.0031200000000000004	15.0	14.200000000000001
0.0031400000000000004	15.200000000000001	14.200000000000001
0.00316	15.0	14.0
0.00318	15.0	14.200000000000001
0.0032	15.0	14.200000000000001
0.00322	15.0	14.200000000000001
0.0032400000000000003	15.200000000000001	14.200000000000001
0.0032600000000000003	15.200000000000001	14.200000000000001
0.0032800000000000004	15.200000000000001	14.200000000000001
0.0033000000000000004	15.200000000000001	14.4
0.0033200000000000005	15.200000000000001	14.200000000000001
0.00334	15.200000000000001	14.200000000000001
0.00336	15.200000000000001	14.200000000000001
0.00338	15.200000000000001	14.200000000000001
0.0034000000000000002	15.200000000000001	14.200000000000001
0.0034200000000000003	15.200000000000001	14.4
0.0034400000000000003	15.200000000000001	14.4
0.0034600000000000004	15.200000000000001	14.4
0.0034800000000000005	15.200000000000001	14.200000000000001
0.0035	15.4	14.4
0.00352	15.200000000000001	14.200000000000001
0.00354	15.200000000000001	14.4
0.0035600000000000002	15.200000000000001	14.200000000000001
0.0035800000000000003	15.4	14.4
0.0036000000000000003	15.4	14.4
0.0036200000000000004	15.4	14.4
0.0036400000000000004	15.200000000000001	14.4
0.0036600000000000005	15.4	14.4
0.00368	15.4	14.4
0.0037	15.4	14.4
0.00372	15.4	14.4
0.0037400000000000003	15.4	14.4
0.0037600000000000003	15.4	14.4
0.0037800000000000004	15.4	14.4
0.0038000000000000004	15.600000000000001	14.4
0.0038200000000000005	15.4	14.4
0.0038400000000000005	15.600000000000001	14.4
0.00386	15.4	14.4
0.00388	15.4	14.4
0.0039000000000000003	15.4	14.4
0.003920000000000001	15.4	14.600000000000001
0.00394	15.4	14.4
0.00396	15.4	14.4
0.00398	15.4	14.600000000000001
0.004	15.600000000000001	14.600000000000001
0.00402	15.600000000000001	14.4
0.00404	15.4	14.600000000000001
0.00406	15.600000000000001	14.600000000000001
0.00408	15.600000000000001	14.600000000000001
0.0041	15.600000000000001	14.600000000000001
0.00412	15.4	14.600000000000001
0.0041400000000000005	15.600000000000001	14.600000000000001
0.0041600000000000005	15.600000000000001	14.600000000000001
0.0041800000000000006	15.600000000000001	14.600000000000001
0.004200000000000001	15.600000000000001	14.600000000000001
0.004220000000000001	15.600000000000001	14.600000000000001
0.004240000000000001	15.600000000000001	14.600000000000001
0.004260000000000001	15.600000000000001	14.600000000000001
0.00428	15.600000000000001	14.600000000000001
0.0043	15.600000000000001	14.600000000000001
0.00432	15.600000000000001	14.600000000000001
0.00434	15.600000000000001	14.600000000000001
0.00436	15.600000000000001	14.600000000000001
0.00438	15.600000000000001	14.600000000000001
0.0044	15.600000000000001	14.600000000000001
0.00442	15.600000000000001	14.600000000000001
0.00444	15.600000000000001	14.600000000000001
0.00446	15.600000000000001	14.8
0.0044800000000000005	15.600000000000001	14.600000000000001
0.0045000000000000005	15.600000000000001	14.600000000000001
0.004520000000000001	15.600000000000001	14.600000000000001
0.004540000000000001	15.600000000000001	14.600000000000001
0.004560000000000001	15.8	14.600000000000001
0.004580000000000001	15.600000000000001	14.8
0.004600000000000001	15.600000000000001	14.600000000000001
0.00462	15.600000000000001	14.600000000000001
0.00464	15.600000000000001	14.600000000000001
0.00466	15.600000000000001	14.600000000000001
0.00468	15.600000000000001	14.600000000000001
0.0047	15.600000000000001	14.600000000000001
0.00472	15.600000000000001	14.8
0.00474	15.600000000000001	14.8
0.00476	15.600000000000001	14.600000000000001
0.00478	15.600000000000001	14.600000000000001
0.0048000000000000004	15.600000000000001	14.600000000000001
0.0048200000000000005	15.600000000000001	14.600000000000001
0.0048400000000000006	15.600000000000001	14.8
0.004860000000000001	15.600000000000001	14.600000000000001
0.004880000000000001	15.600000000000001	14.600000000000001
0.004900000000000001	15.600000000000001	14.600000000000001
0.004920000000000001	15.600000000000001	14.600000000000001
0.004940000000000001	15.8	14.600000000000001
0.00496	15.600000000000001	14.600000000000001
0.00498	15.600000000000001	14.600000000000001
0.005	15.600000000000001	14.600000000000001
0.00502	15.600000000000001	14.600000000000001
0.00504	15.600000000000001	14.600000000000001
0.00506	15.600000000000001	14.600000000000001
0.00508	15.600000000000001	14.600000000000001
0.0051	15.600000000000001	14.600000000000001
0.00512	15.600000000000001	14.4
0.0051400000000000005	15.4	14.4
0.0051600000000000005	15.4	14.4
0.005180000000000001	15.4	14.4
0.005200000000000001	15.4	14.200000000000001
0.005220000000000001	15.200000000000001	14.200000000000001
0.005240000000000001	15.200000000000001	14.0
0.005260000000000001	15.0	14.0
0.005280000000000001	15.0	14.0
0.0053	15.0	13.8
0.00532	14.8	13.8
0.00534	14.8	13.600000000000001
0.00536	14.600000000000001	13.600000000000001
0.00538	14.4	13.600000000000001
0.0054	14.4	13.4
0.00542	14.4	13.4
0.00544	14.4	13.4
0.0054600000000000004	14.200000000000001	13.200000000000001
0.0054800000000000005	14.200000000000001	13.200000000000001
0.0055000000000000005	14.200000000000001	13.200000000000001
0.005520000000000001	14.0	13.0
0.005540000000000001	14.0	13.0
0.005560000000000001	13.8	13.0
0.005580000000000001	13.8	13.0
0.005600000000000001	13.8	12.8
0.005620000000000001	13.8	12.8
0.00564	13.600000000000001	12.8
0.00566	13.600000000000001	12.600000000000001
0.00568	13.600000000000001	12.600000000000001
0.0057	13.4	12.4
0.00572	13.4	12.4
0.00574	13.200000000000001	12.4
0.00576	13.200000000000001	12.4
0.00578	13.200000000000001	12.200000000000001
0.0058000000000000005	13.200000000000001	12.200000000000001
0.0058200000000000005	13.0	12.200000000000001
0.005840000000000001	13.0	12.200000000000001
0.005860000000000001	13.0	12.0
0.005880000000000001	12.8	12.0
0.005900000000000001	12.8	11.8
0.005920000000000001	12.600000000000001	11.8
0.005940000000000001	12.600000000000001	11.8
0.005960000000000001	12.600000000000001	11.600000000000001
0.00598	12.4	11.4
0.006	12.4	11.4
0.00602	12.4	11.4
0.00604	12.200000000000001	11.200000000000001
0.00606	12.200000000000001	11.200000000000001
0.00608	12.0	11.0
0.0061	11.8	10.8
0.0061200000000000004	11.8	10.8
0.0061400000000000005	11.8	10.8
0.0061600000000000005	11.600000000000001	10.600000000000001
0.006180000000000001	11.600000000000001	10.600000000000001
0.006200000000000001	11.4	10.600000000000001
0.006220000000000001	11.4	10.4
0.006240000000000001	11.200000000000001	10.4
0.006260000000000001	11.200000000000001	10.200000000000001
0.006280000000000001	11.200000000000001	10.200000000000001
0.006300000000000001	11.0	10.0
0.00632	10.8	10.0
0.00634	10.8	9.8
0.00636	10.600000000000001	9.8
0.00638	10.600000000000001	9.8
0.0064	10.600000000000001	9.600000000000001
0.00642	10.4	9.600000000000001
0.00644	10.4	9.4
0.0064600000000000005	10.4	9.4
0.0064800000000000005	10.200000000000001	9.200000000000001
0.006500000000000001	10.0	9.200000000000001
0.006520000000000001	10.0	9.200000000000001
0.006540000000000001	10.0	9.0
0.006560000000000001	9.8	8.8
0.006580000000000001	9.8	8.8
0.006600000000000001	9.600000000000001	8.6
0.006620000000000001	9.600000000000001	8.6
0.006640000000000001	9.600000000000001	8.6
0.00666	9.4	8.4
0.00668	9.200000000000001	8.4
0.0067	9.200000000000001	8.200000000000001
0.00672	9.0	8.0
0.00674	9.0	8.0
0.00676	8.8	7.800000000000001
0.0067800000000000004	8.6	7.800000000000001
0.0068000000000000005	8.6	7.800000000000001
0.0068200000000000005	8.6	7.6000000000000005
0.006840000000000001	8.4	7.4
0.006860000000000001	8.4	7.4
0.006880000000000001	8.200000000000001	7.4
0.006900000000000001	8.200000000000001	7.2
0.006920000000000001	8.0	7.0
0.006940000000000001	8.0	7.0
0.006960000000000001	7.800000000000001	7.0
0.006980000000000001	7.800000000000001	6.800000000000001
0.007	7.6000000000000005	6.6000000000000005
0.00702	7.4	6.6000000000000005
0.00704	7.2	6.4
0.00706	7.2	6.4
0.00708	7.2	6.4
0.0071	7.0	6.2
0.0071200000000000005	7.0	6.0
0.0071400000000000005	7.0	5.800000000000001
0.0071600000000000006	6.800000000000001	5.800000000000001
0.007180000000000001	6.6000000000000005	5.6000000000000005
0.007200000000000001	6.4	5.6000000000000005
0.007220000000000001	6.4	5.4
0.007240000000000001	6.2	5.2
0.007260000000000001	6.0	5.2
0.007280000000000001	6.0	5.0
0.007300000000000001	5.800000000000001	4.800000000000001
0.007320000000000001	5.800000000000001	4.800000000000001
0.00734	5.6000000000000005	4.800000000000001
0.00736	5.4	4.6000000000000005
0.00738	5.4	4.4
0.0074	5.4	4.2
0.00742	5.0	4.2
0.00744	4.800000000000001	4.0
0.0074600000000000005	4.800000000000001	4.0
0.0074800000000000005	4.800000000000001	3.8000000000000003
0.007500000000000001	4.6000000000000005	3.8000000000000003
0.007520000000000001	4.4	3.6
0.007540000000000001	4.4	3.4000000000000004
0.007560000000000001	4.2	3.4000000000000004
0.007580000000000001	4.0	3.2
0.007600000000000001	4.0	3.2
0.007620000000000001	4.0	3.0
0.007640000000000001	3.8000000000000003	2.8000000000000003
0.007660000000000001	3.6	2.8000000000000003
0.007680000000000001	3.4000000000000004	2.6
0.0077	3.2	2.4000000000000004
0.00772	3.2	2.4000000000000004
0.00774	3.0	2.0
0.00776	2.8000000000000003	2.0
0.0077800000000000005	2.8000000000000003	1.8
0.0078000000000000005	2.6	1.8
0.00782	2.6	1.6
0.007840000000000001	2.4000000000000004	1.6
0.00786	2.2	1.4000000000000001
0.00788	2.0	1.2000000000000002
0.0079	1.8	1.0
0.00792	1.8	0.8
0.007940000000000001	1.6	0.8
0.00796	1.4000000000000001	0.6000000000000001
0.007980000000000001	1.4000000000000001	0.6000000000000001
0.008	1.2000000000000002	0.4
0.008020000000000001	1.2000000000000002	0.2
0.00804	1.0	0.2
0.008060000000000001	0.8	0.2
0.00808	0.8	0.0
0.008100000000000001	0.6000000000000001	0.0
0.00812	0.4	0.0
0.008140000000000001	0.2	0.0
0.00816	0.2	0.0
0.008180000000000002	0.0	0.0
0.0082	0.0	0.0
0.00822	-0.2	0.0
0.00824	-0.4	0.0
0.00826	-0.4	0.0
0.008280000000000001	-0.6000000000000001	0.2
0.0083	-0.8	0.2
0.008320000000000001	-0.8	0.4
0.00834	-1.0	0.4
0.008360000000000001	-1.0	0.6000000000000001
0.00838	-1.2000000000000002	0.8
0.008400000000000001	-1.2000000000000002	0.8
0.00842	-1.4000000000000001	0.8
0.008440000000000001	-1.6	1.0
0.00846	-1.6	1.0
0.008480000000000001	-1.8	1.2000000000000002
0.0085	-1.8	1.4000000000000001
0.008520000000000002	-2.0	1.4000000000000001
0.00854	-2.2	1.6
0.00856	-2.2	1.6
0.00858	-2.4000000000000004	1.6
0.0086	-2.2	1.8
0.008620000000000001	-2.4000000000000004	1.8
0.00864	-2.4000000000000004	2.0
0.008660000000000001	-2.6	2.0
0.00868	-3.0	2.2
0.008700000000000001	-3.0	2.4000000000000004
0.00872	-3.2	2.6
0.008740000000000001	-3.2	2.6
0.00876	-3.4000000000000004	2.8000000000000003
0.008780000000000001	-3.6	2.8000000000000003
0.0088	-3.6	3.0
0.008820000000000001	-3.6	3.0
0.00884	-3.6	3.0
0.008860000000000002	-3.6	3.2
0.00888	-3.8000000000000003	3.2
0.0089	-3.8000000000000003	3.4000000000000004
0.00892	-4.0	3.4000000000000004
0.00894	-4.2	3.4000000000000004
0.008960000000000001	-4.2	3.4000000000000004
0.00898	-4.2	3.8000000000000003
0.009000000000000001	-4.2	3.6
0.00902	-4.4	3.8000000000000003
0.009040000000000001	-4.6000000000000005	4.0
0.00906	-4.6000000000000005	4.0
0.009080000000000001	-4.800000000000001	4.0
0.0091	-4.800000000000001	4.2
0.009120000000000001	-5.0	4.2
0.00914	-5.0	4.4
0.009160000000000001	-5.2	4.4
0.00918	-5.2	4.6000000000000005
0.009200000000000002	-5.2	4.6000000000000005
0.00922	-5.4	4.6000000000000005
0.00924	-5.6000000000000005	4.800000000000001
0.009260000000000001	-5.4	4.800000000000001
0.00928	-5.6000000000000005	4.800000000000001
0.009300000000000001	-5.800000000000001	5.0
0.00932	-5.6000000000000005	5.2
0.009340000000000001	-6.0	5.2
0.00936	-6.0	5.4
0.009380000000000001	-6.0	5.4
0.0094	-6.2	5.4
0.009420000000000001	-6.2	5.6000000000000005
0.00944	-6.4	5.6000000000000005
0.009460000000000001	-6.4	5.800000000000001
0.00948	-6.6000000000000005	5.800000000000001
0.009500000000000001	-6.6000000000000005	6.0
0.00952	-6.800000000000001	6.0
0.009540000000000002	-6.800000000000001	6.2
0.00956	-6.800000000000001	6.4
0.00958	-7.0	6.4
0.009600000000000001	-7.0	6.4
0.00962	-7.2	6.6000000000000005
0.009640000000000001	-7.2	6.6000000000000005
0.00966	-7.4	6.800000000000001
0.009680000000000001	-7.4	6.800000000000001
0.0097	-7.6000000000000005	7.0
0.009720000000000001	-7.6000000000000005	7.0
0.00974	-7.800000000000001	7.0
0.009760000000000001	-7.800000000000001	7.2
0.00978	-8.0	7.2
0.009800000000000001	-8.200000000000001	7.4
0.00982	-8.200000000000001	7.4
0.009840000000000002	-8.4	7.4
0.00986	-8.4	7.800000000000001
0.009880000000000002	-8.4	7.800000000000001
0.0099	-8.6	7.800000000000001
0.00992	-8.8	8.0
0.009940000000000001	-8.8	8.0
0.00996	-9.0	8.200000000000001
0.009980000000000001	-9.0	8.4
0.01	-9.200000000000001	8.4
0.010020000000000001	-9.200000000000001	8.6
0.01004	-9.4	8.8
0.010060000000000001	-9.4	8.8
0.01008	-9.600000000000001	8.8
0.010100000000000001	-9.8	9.0
0.01012	-9.8	9.0
0.010140000000000001	-9.8	9.200000000000001
0.01016	-10.0	9.200000000000001
0.010180000000000002	-10.200000000000001	9.4
0.0102	-10.200000000000001	9.600000000000001
0.010220000000000002	-10.4	9.600000000000001
0.01024	-10.4	9.600000000000001
0.01026	-10.4	9.8
0.010280000000000001	-10.600000000000001	10.0
0.0103	-10.600000000000001	10.0
0.010320000000000001	-10.8	10.0
0.01034	-10.8	10.200000000000001
0.010360000000000001	-11.0	10.200000000000001
0.01038	-11.0	10.4
0.010400000000000001	-11.200000000000001	10.600000000000001
0.01042	-11.4	10.600000000000001
0.010440000000000001	-11.4	10.600000000000001
0.01046	-11.4	10.8
0.010480000000000001	-11.600000000000001	10.8
0.0105	-11.8	11.0
0.010520000000000002	-11.8	11.0
0.01054	-12.0	11.200000000000001
0.010560000000000002	-12.0	11.4
0.01058	-12.0	11.4
0.0106	-12.200000000000001	11.600000000000001
0.010620000000000001	-12.200000000000001	11.600000000000001
0.01064	-12.4	11.8
0.010660000000000001	-12.4	11.8
0.01068	-12.600000000000001	11.8
0.010700000000000001	-12.600000000000001	12.0
0.01072	-12.600000000000001	12.0
0.010740000000000001	-12.8	12.200000000000001
0.01076	-13.0	12.200000000000001
0.010780000000000001	-13.0	12.200000000000001
0.0108	-13.200000000000001	12.4
0.010820000000000001	-13.200000000000001	12.4
0.01084	-13.200000000000001	12.600000000000001
0.010860000000000002	-13.4	12.8
0.01088	-13.4	12.8
0.010900000000000002	-13.600000000000001	13.0
0.010920000000000001	-13.8	13.0
0.01094	-13.8	13.0
0.010960000000000001	-13.8	13.0
0.01098	-13.8	13.200000000000001
0.011000000000000001	-14.0	13.200000000000001
0.01102	-14.0	13.200000000000001
0.011040000000000001	-14.0	13.4
0.01106	-14.200000000000001	13.4
0.011080000000000001	-14.200000000000001	13.4
0.0111	-14.200000000000001	13.600000000000001
0.011120000000000001	-14.200000000000001	13.600000000000001
0.01114	-14.4	13.8
0.011160000000000002	-14.4	13.600000000000001
0.01118	-14.600000000000001	13.8
0.011200000000000002	-14.4	13.8
0.01122	-14.600000000000001	13.8
0.011240000000000002	-14.600000000000001	13.8
0.011260000000000001	-14.600000000000001	13.8
0.01128	-14.600000000000001	14.0
0.011300000000000001	-14.600000000000001	13.8
0.01132	-14.8	14.0
0.011340000000000001	-14.8	14.0
0.01136	-14.8	14.0
0.011380000000000001	-14.8	14.0
0.0114	-14.8	14.0
0.011420000000000001	-14.8	14.0
0.01144	-14.8	14.200000000000001
0.011460000000000001	-14.8	14.200000000000001
0.01148	-14.8	14.200000000000001
0.011500000000000002	-14.8	14.200000000000001
0.01152	-15.0	14.200000000000001
0.011540000000000002	-15.0	14.200000000000001
0.01156	-14.8	14.200000000000001
0.011580000000000002	-15.0	14.200000000000001
0.011600000000000001	-15.0	14.200000000000001
0.01162	-15.0	14.200000000000001
0.011640000000000001	-15.0	14.4
0.01166	-15.0	14.200000000000001
0.011680000000000001	-15.0	14.200000000000001
0.0117	-15.0	14.200000000000001
0.011720000000000001	-15.0	14.200000000000001
0.01174	-15.0	14.200000000000001
0.011760000000000001	-15.0	14.200000000000001
0.01178	-15.0	14.4
0.011800000000000001	-15.0	14.4
0.01182	-15.200000000000001	14.4
0.011840000000000002	-15.0	14.4
0.01186	-15.200000000000001	14.4
0.011880000000000002	-15.200000000000001	14.200000000000001
0.0119	-15.0	14.4
0.011920000000000002	-15.200000000000001	14.4
0.011940000000000001	-15.200000000000001	14.4
0.01196	-15.200000000000001	14.4
0.011980000000000001	-15.200000000000001	14.4
0.012	-15.200000000000001	14.4
0.012020000000000001	-15.200000000000001	14.200000000000001
0.01204	-15.200000000000001	14.4
0.012060000000000001	-15.200000000000001	14.4
0.01208	-15.200000000000001	14.4
0.012100000000000001	-15.200000000000001	14.4
0.01212	-15.200000000000001	14.4
0.012140000000000001	-15.200000000000001	14.4
0.01216	-15.200000000000001	14.4
0.012180000000000002	-15.200000000000001	14.4
0.0122	-15.200000000000001	14.4
0.012220000000000002	-15.200000000000001	14.4
0.012240000000000001	-15.200000000000001	14.4
0.012260000000000002	-15.200000000000001	14.4
0.012280000000000001	-15.200000000000001	14.4
0.0123	-15.200000000000001	14.600000000000001
0.012320000000000001	-15.200000000000001	14.4
0.01234	-15.200000000000001	14.4
0.012360000000000001	-15.200000000000001	14.4
0.01238	-15.200000000000001	14.4
0.012400000000000001	-15.200000000000001	14.4
0.01242	-15.200000000000001	14.600000000000001
0.012440000000000001	-15.4	14.4
0.01246	-15.200000000000001	14.600000000000001
0.012480000000000002	-15.4	14.4
0.0125	-15.4	14.600000000000001
0.012520000000000002	-15.4	14.600000000000001
0.01254	-15.4	14.600000000000001
0.012560000000000002	-15.4	14.600000000000001
0.012580000000000001	-15.4	14.600000000000001
0.012600000000000002	-15.4	14.600000000000001
0.012620000000000001	-15.4	14.600000000000001
0.01264	-15.4	14.600000000000001
0.012660000000000001	-15.4	14.600000000000001
0.01268	-15.4	14.600000000000001
0.012700000000000001	-15.4	14.600000000000001
0.01272	-15.4	14.600000000000001
0.012740000000000001	-15.4	14.600000000000001
0.01276	-15.4	14.600000000000001
0.012780000000000001	-15.4	14.600000000000001
0.0128	-15.4	14.600000000000001
0.012820000000000002	-15.4	14.600000000000001
0.01284	-15.4	14.600000000000001
0.012860000000000002	-15.4	14.8
0.01288	-15.4	14.600000000000001
0.012900000000000002	-15.4	14.600000000000001
0.012920000000000001	-15.4	14.600000000000001
0.012940000000000002	-15.4	14.600000000000001
0.012960000000000001	-15.4	14.600000000000001
0.01298	-15.4	14.600000000000001
0.013000000000000001	-15.4	14.600000000000001
0.01302	-15.4	14.600000000000001
0.013040000000000001	-15.4	14.600000000000001
0.01306	-15.600000000000001	14.600000000000001
0.013080000000000001	-15.4	14.8
0.0131	-15.4	14.8
0.013120000000000001	-15.4	14.8
0.01314	-15.600000000000001	14.600000000000001
0.013160000000000002	-15.4	14.8
0.01318	-15.4	14.600000000000001
0.013200000000000002	-15.4	14.8
0.01322	-15.4	14.8
0.013240000000000002	-15.600000000000001	14.600000000000001
0.013260000000000001	-15.4	14.600000000000001
0.013280000000000002	-15.4	14.8
0.013300000000000001	-15.4	14.600000000000001
0.01332	-15.4	14.8
0.013340000000000001	-15.4	14.8
0.01336	-15.4	14.600000000000001
0.013380000000000001	-15.4	14.600000000000001
0.0134	-15.4	14.600000000000001
0.013420000000000001	-15.200000000000001	14.600000000000001
0.01344	-15.200000000000001	14.600000000000001
0.013460000000000001	-15.200000000000001	14.600000000000001
0.01348	-15.200000000000001	14.600000000000001
0.013500000000000002	-15.200000000000001	14.4
0.01352	-15.200000000000001	14.4
0.013540000000000002	-15.200000000000001	14.4
0.013560000000000001	-15.0	14.200000000000001
0.013580000000000002	-15.0	14.200000000000001
0.013600000000000001	-14.8	14.200000000000001
0.013620000000000002	-14.8	14.0
0.013640000000000001	-14.600000000000001	13.8
0.01366	-14.600000000000001	13.8
0.013680000000000001	-14.600000000000001	13.8
0.0137	-14.4	13.600000000000001
0.013720000000000001	-14.4	13.600000000000001
0.01374	-14.4	13.600000000000001
0.013760000000000001	-14.4	13.4
0.01378	-14.200000000000001	13.200000000000001
0.013800000000000002	-14.200000000000001	13.200000000000001
0.01382	-14.0	13.200000000000001
0.013840000000000002	-14.0	13.0
0.01386	-13.8	13.200000000000001
0.013880000000000002	-13.8	13.0
0.013900000000000001	-13.600000000000001	13.0
0.013920000000000002	-13.8	12.8
0.013940000000000001	-13.600000000000001	12.8
0.013960000000000002	-13.4	12.8
0.013980000000000001	-13.4	12.600000000000001
0.014	-13.4	12.600000000000001
0.014020000000000001	-13.200000000000001	12.4
0.01404	-13.200000000000001	12.4
0.014060000000000001	-13.200000000000001	12.4
0.01408	-13.0	12.4
0.014100000000000001	-13.0	12.200000000000001
0.01412	-13.0	12.200000000000001
0.014140000000000002	-13.0	12.200000000000001
0.01416	-12.8	12.0
0.014180000000000002	-12.8	12.200000000000001
0.0142	-12.600000000000001	12.0
0.014220000000000002	-12.600000000000001	12.0
0.014240000000000001	-12.600000000000001	11.8
0.014260000000000002	-12.600000000000001	11.8
0.014280000000000001	-12.4	11.600000000000001
0.014300000000000002	-12.4	11.600000000000001
0.014320000000000001	-12.200000000000001	11.600000000000001
0.01434	-12.200000000000001	11.4
0.014360000000000001	-12.200000000000001	11.200000000000001
0.01438	-12.0	11.200000000000001
0.014400000000000001	-12.0	11.0
0.01442	-11.8	11.0
0.014440000000000001	-11.8	10.8
0.01446	-11.600000000000001	10.8
0.014480000000000002	-11.4	10.8
0.0145	-11.600000000000001	10.600000000000001
0.014520000000000002	-11.4	10.600000000000001
0.01454	-11.200000000000001	10.600000000000001
0.014560000000000002	-11.200000000000001	10.600000000000001
0.014580000000000001	-11.200000000000001	10.4
0.014600000000000002	-11.0	10.200000000000001
0.014620000000000001	-10.8	10.0
0.014640000000000002	-10.8	10.0
0.014660000000000001	-10.600000000000001	10.0
0.01468	-10.600000000000001	10.0
0.014700000000000001	-10.600000000000001	9.8
0.01472	-10.600000000000001	9.600000000000001
0.014740000000000001	-10.4	9.600000000000001
0.01476	-10.4	9.4
0.014780000000000001	-10.200000000000001	9.4
0.0148	-10.0	9.4
0.014820000000000002	-10.0	9.200000000000001
0.01484	-9.8	9.200000000000001
0.014860000000000002	-9.8	9.0
0.01488	-9.600000000000001	9.0
0.014900000000000002	-9.600000000000001	8.8
0.014920000000000001	-9.4	8.8
0.014940000000000002	-9.4	8.6
0.014960000000000001	-9.4	8.6
0.014980000000000002	-9.200000000000001	8.4
0.015000000000000001	-9.200000000000001	8.4
0.01502	-9.0	8.200000000000001
0.015040000000000001	-8.8	8.200000000000001
0.01506	-8.8	8.200000000000001
0.015080000000000001	-8.8	8.0
0.0151	-8.6	7.800000000000001
0.015120000000000001	-8.6	7.800000000000001
0.01514	-8.6	7.800000000000001
0.015160000000000002	-8.200000000000001	7.6000000000000005
0.01518	-8.200000000000001	7.6000000000000005
0.015200000000000002	-8.200000000000001	7.4
0.015220000000000001	-8.0	7.2
0.015240000000000002	-7.800000000000001	7.2
0.015260000000000001	-7.800000000000001	7.0
0.015280000000000002	-7.6000000000000005	7.0
0.015300000000000001	-7.4	6.800000000000001
0.015320000000000002	-7.4	6.800000000000001
0.015340000000000001	-7.4	6.6000000000000005
0.015360000000000002	-7.2	6.4
0.015380000000000001	-7.0	6.4
0.0154	-7.0	6.4
0.015420000000000001	-6.800000000000001	6.2
0.01544	-6.800000000000001	6.0
0.015460000000000002	-6.6000000000000005	6.0
0.01548	-6.6000000000000005	5.800000000000001
0.015500000000000002	-6.4	5.6000000000000005
0.01552	-6.4	5.6000000000000005
0.015540000000000002	-6.2	5.4
0.015560000000000001	-6.0	5.4
0.015580000000000002	-6.0	5.2
0.015600000000000001	-5.800000000000001	5.2
0.015620000000000002	-5.6000000000000005	5.0
0.01564	-5.6000000000000005	4.800000000000001
0.01566	-5.4	4.800000000000001
0.015680000000000003	-5.4	4.800000000000001
0.015700000000000002	-5.2	4.6000000000000005
0.01572	-5.2	4.4
0.01574	-5.0	4.2
0.01576	-5.0	4.2
0.015780000000000002	-4.800000000000001	4.0
0.0158	-4.6000000000000005	4.0
0.01582	-4.4	3.8000000000000003
0.01584	-4.4	3.6
0.015860000000000003	-4.2	3.6
0.015880000000000002	-4.2	3.4000000000000004
0.0159	-4.0	3.4000000000000004
0.01592	-3.8000000000000003	3.2
0.015940000000000003	-3.8000000000000003	3.2
0.015960000000000002	-3.6	3.0
0.01598	-3.4000000000000004	2.8000000000000003
0.016	-3.4000000000000004	2.6
0.016020000000000003	-3.2	2.6
0.016040000000000002	-3.0	2.4000000000000004
0.01606	-3.0	2.2
0.01608	-2.8000000000000003	2.2
0.0161	-2.6	2.0
0.016120000000000002	-2.4000000000000004	1.8
0.01614	-2.4000000000000004	1.6
0.01616	-2.2	1.6
0.01618	-2.0	1.4000000000000001
0.016200000000000003	-2.0	1.2000000000000002
0.016220000000000002	-1.8	1.2000000000000002
0.01624	-1.6	1.0
0.01626	-1.6	1.0
0.016280000000000003	-1.4000000000000001	0.8
0.016300000000000002	-1.4000000000000001	0.6000000000000001
0.01632	-1.0	0.6000000000000001
0.01634	-1.0	0.4
0.016360000000000003	-1.0	0.4
0.016380000000000002	-0.8	0.2
0.0164	-0.6000000000000001	0.2
0.01642	-0.4	0.0
0.01644	-0.4	0.0
0.016460000000000002	-0.2	0.0
0.01648	-0.2	0.0
0.0165	0.0	0.0
0.01652	0.2	0.0
0.016540000000000003	0.2	0.0
0.016560000000000002	0.6000000000000001	0.0
0.01658	0.6000000000000001	0.0
0.0166	0.6000000000000001	0.2
0.016620000000000003	0.8	0.2
0.016640000000000002	1.0	0.4
0.01666	1.0	0.4
0.01668	1.2000000000000002	0.4
0.016700000000000003	1.4000000000000001	0.4
0.016720000000000002	1.4000000000000001	0.8
0.01674	1.6	1.0
0.01676	1.8	1.0
0.01678	1.8	1.2000000000000002
0.016800000000000002	1.8	1.2000000000000002
0.01682	1.8	1.2000000000000002
0.01684	2.0	1.2000000000000002
0.01686	2.0	1.2000000000000002
0.016880000000000003	2.2	1.4000000000000001
0.016900000000000002	2.4000000000000004	1.6
0.01692	2.6	1.8
0.01694	2.8000000000000003	1.8
0.016960000000000003	3.0	2.2
0.016980000000000002	3.0	2.2
0.017	3.2	2.2
0.01702	3.2	2.6
0.017040000000000003	3.4000000000000004	2.4000000000000004
0.017060000000000002	3.4000000000000004	2.6
0.01708	3.4000000000000004	2.6
0.0171	3.4000000000000004	2.8000000000000003
0.01712	3.6	2.8000000000000003
0.017140000000000002	3.6	2.8000000000000003
0.01716	3.8000000000000003	3.0
0.01718	3.8000000000000003	3.0
0.0172	4.0	3.2
0.017220000000000003	4.0	3.2
0.017240000000000002	4.0	3.2
0.01726	4.0	3.4000000000000004
0.01728	4.2	3.4000000000000004
0.017300000000000003	4.2	3.6
0.017320000000000002	4.6000000000000005	3.4000000000000004
0.01734	4.6000000000000005	3.8000000000000003
0.01736	4.6000000000000005	3.8000000000000003
0.017380000000000003	4.800000000000001	4.0
0.017400000000000002	4.800000000000001	4.0
0.01742	5.0	4.2
0.01744	5.0	4.2
0.01746	5.2	4.2
0.017480000000000002	5.2	4.4
0.0175	5.4	4.4
0.01752	5.4	4.6000000000000005
0.01754	5.4	4.800000000000001
0.017560000000000003	5.4	4.800000000000001
0.017580000000000002	5.6000000000000005	4.800000000000001
0.0176	5.6000000000000005	4.800000000000001
0.01762	5.800000000000001	5.0
0.017640000000000003	5.800000000000001	5.0
0.017660000000000002	6.0	5.2
0.01768	6.0	5.2
0.0177	6.0	5.4
0.017720000000000003	6.2	5.4
0.017740000000000002	6.4	5.6000000000000005
0.01776	6.4	5.6000000000000005
0.01778	6.6000000000000005	5.6000000000000005
0.0178	6.6000000000000005	5.800000000000001
0.017820000000000003	6.800000000000001	5.800000000000001
0.01784	6.800000000000001	6.0
0.01786	7.0	6.2
0.01788	7.0	6.2
0.017900000000000003	7.2	6.4
0.017920000000000002	7.2	6.4
0.01794	7.2	6.4
0.01796	7.2	6.6000000000000005
0.017980000000000003	7.6000000000000005	6.800000000000001
0.018000000000000002	7.6000000000000005	6.800000000000001
0.01802	7.6000000000000005	6.800000000000001
0.01804	7.800000000000001	7.0
0.018060000000000003	7.800000000000001	7.0
0.018080000000000002	8.0	7.0
0.0181	8.0	7.2
0.01812	8.0	7.2
0.01814	8.200000000000001	7.4
0.018160000000000003	8.4	7.4
0.01818	8.4	7.6000000000000005
0.0182	8.6	7.800000000000001
0.01822	8.6	7.800000000000001
0.018240000000000003	8.8	7.800000000000001
0.018260000000000002	8.8	7.800000000000001
0.01828	9.0	8.200000000000001
0.0183	9.0	8.4
0.018320000000000003	9.200000000000001	8.4
0.018340000000000002	9.4	8.4
0.01836	9.4	8.6
0.01838	9.600000000000001	8.6
0.018400000000000003	9.600000000000001	8.8
0.018420000000000002	9.8	8.8
0.01844	9.8	9.0
0.01846	10.0	9.200000000000001
0.01848	10.200000000000001	9.200000000000001
0.018500000000000003	10.200000000000001	9.4
0.018520000000000002	10.200000000000001	9.4
0.01854	10.4	9.4
0.01856	10.4	9.600000000000001
0.018580000000000003	10.600000000000001	9.8
0.018600000000000002	10.8	9.8
0.01862	10.8	10.0
0.01864	11.0	10.0
0.018660000000000003	11.0	10.0
0.018680000000000002	11.200000000000001	10.200000000000001
0.0187	11.200000000000001	10.4
0.01872	11.200000000000001	10.4
0.018740000000000003	11.4	10.600000000000001
0.018760000000000002	11.600000000000001	10.600000000000001
0.01878	11.600000000000001	10.600000000000001
0.0188	11.8	10.8
0.01882	11.8	10.8
0.018840000000000003	12.0	11.0
0.018860000000000002	12.0	11.0
0.01888	12.200000000000001	11.200000000000001
0.0189	12.200000000000001	11.4
0.018920000000000003	12.4	11.4
0.018940000000000002	12.4	11.4
0.01896	12.4	11.600000000000001
0.01898	12.4	11.600000000000001
0.019000000000000003	12.600000000000001	11.8
0.019020000000000002	12.600000000000001	11.8
0.01904	12.8	11.8
0.01906	13.0	12.200000000000001
0.019080000000000003	13.0	12.200000000000001
0.019100000000000002	13.0	12.200000000000001
0.01912	13.200000000000001	12.4
0.01914	13.4	12.4
0.01916	13.4	12.600000000000001
0.019180000000000003	13.600000000000001	12.600000000000001
0.019200000000000002	13.600000000000001	12.8
0.01922	13.600000000000001	12.8
0.01924	13.8	12.8
0.019260000000000003	14.0	13.0
0.019280000000000002	14.0	13.0
0.0193	14.0	13.200000000000001
0.01932	14.200000000000001	13.0
0.019340000000000003	14.200000000000001	13.4
0.019360000000000002	14.200000000000001	13.4
0.01938	14.4	13.4
0.0194	14.4	13.4
0.019420000000000003	14.4	13.600000000000001
0.019440000000000002	14.4	13.600000000000001
0.01946	14.600000000000001	13.600000000000001
0.01948	14.600000000000001	13.600000000000001
0.0195	14.600000000000001	13.8
0.019520000000000003	14.8	13.8
0.019540000000000002	14.8	13.8
0.01956	14.8	13.8
0.01958	14.8	13.8
0.019600000000000003	14.8	13.8
0.019620000000000002	14.8	14.0
0.01964	14.8	14.0
0.01966	15.0	14.0
0.019680000000000003	15.0	14.0
0.019700000000000002	15.0	14.0
0.01972	15.0	14.0
0.01974	15.0	14.0
0.019760000000000003	15.0	14.200000000000001
0.019780000000000002	15.0	14.0
0.0198	15.0	14.0
0.01982	15.200000000000001	14.200000000000001
0.01984	15.0	14.200000000000001
0.019860000000000003	15.200000000000001	14.200000000000001
0.019880000000000002	15.200000000000001	14.200000000000001
0.0199	15.0	14.200000000000001
0.01992	15.0	14.200000000000001
0.019940000000000003	15.200000000000001	14.200000000000001
0.019960000000000002	15.200000000000001	14.4
0.01998	15.200000000000001	14.200000000000001
0.02	15.0	14.200000000000001
0.020020000000000003	15.200000000000001	14.200000000000001
0.020040000000000002	15.200000000000001	14.200000000000001
0.02006	15.200000000000001	14.200000000000001
0.02008	15.200000000000001	14.200000000000001
0.020100000000000003	15.200000000000001	14.4
0.020120000000000002	15.200000000000001	14.200000000000001
0.02014	15.4	14.200000000000001
0.02016	15.200000000000001	14.4
0.02018	15.200000000000001	14.4
0.020200000000000003	15.200000000000001	14.4
0.020220000000000002	15.200000000000001	14.4
0.02024	15.4	14.200000000000001
0.02026	15.4	14.4
0.020280000000000003	15.200000000000001	14.4
0.020300000000000002	15.4	14.4
0.02032	15.4	14.4
0.02034	15.4	14.4
0.020360000000000003	15.4	14.4
0.020380000000000002	15.200000000000001	14.4
0.0204	15.4	14.4
0.02042	15.4	14.4
0.020440000000000003	15.4	14.4
0.020460000000000002	15.4	14.4
0.02048	15.4	14.4
0.0205	15.4	14.4
0.02052	15.4	14.4
0.020540000000000003	15.4	14.4
0.020560000000000002	15.4	14.600000000000001
0.02058	15.600000000000001	14.4
0.0206	15.4	14.4
0.020620000000000003	15.4	14.4
0.020640000000000002	15.600000000000001	14.4
0.02066	15.4	14.4
0.02068	15.4	14.600000000000001
0.020700000000000003	15.4	14.600000000000001
0.020720000000000002	15.4	14.4
0.02074	15.4	14.600000000000001
0.02076	15.600000000000001	14.4
0.020780000000000003	15.4	14.600000000000001
0.020800000000000003	15.600000000000001	14.600000000000001
0.02082	15.4	14.600000000000001
0.02084	15.600000000000001	14.600000000000001
0.02086	15.600000000000001	14.600000000000001
0.020880000000000003	15.600000000000001	14.4
0.020900000000000002	15.600000000000001	14.4
0.02092	15.600000000000001	14.600000000000001
0.02094	15.600000000000001	14.600000000000001
0.020960000000000003	15.600000000000001	14.600000000000001
0.020980000000000002	15.600000000000001	14.600000000000001
0.021	15.600000000000001	14.600000000000001
0.02102	15.600000000000001	14.600000000000001
0.021040000000000003	15.600000000000001	14.600000000000001
0.021060000000000002	15.600000000000001	14.600000000000001
0.02108	15.600000000000001	14.600000000000001
0.0211	15.600000000000001	14.600000000000001
0.021120000000000003	15.600000000000001	14.600000000000001
0.021140000000000003	15.600000000000001	14.600000000000001
0.02116	15.600000000000001	14.600000000000001
0.02118	15.600000000000001	14.600000000000001
0.0212	15.600000000000001	14.600000000000001
0.021220000000000003	15.600000000000001	14.600000000000001
0.021240000000000002	15.600000000000001	14.600000000000001
0.02126	15.600000000000001	14.600000000000001
0.02128	15.600000000000001	14.600000000000001
0.021300000000000003	15.600000000000001	14.600000000000001
0.021320000000000002	15.600000000000001	14.600000000000001
0.02134	15.600000000000001	14.600000000000001
0.02136	15.600000000000001	14.600000000000001
0.021380000000000003	15.600000000000001	14.600000000000001
0.021400000000000002	15.600000000000001	14.600000000000001
0.02142	15.600000000000001	14.8
0.02144	15.600000000000001	14.8
0.021460000000000003	15.600000000000001	14.600000000000001
0.021480000000000003	15.600000000000001	14.600000000000001
0.021500000000000002	15.600000000000001	14.600000000000001
0.02152	15.600000000000001	14.600000000000001
0.02154	15.600000000000001	14.600000000000001
0.021560000000000003	15.600000000000001	14.600000000000001
0.021580000000000002	15.600000000000001	14.600000000000001
0.0216	15.600000000000001	14.600000000000001
0.02162	15.600000000000001	14.600000000000001
0.021640000000000003	15.600000000000001	14.600000000000001
0.021660000000000002	15.600000000000001	14.600000000000001
0.02168	15.600000000000001	14.600000000000001
0.0217	15.600000000000001	14.600000000000001
0.021720000000000003	15.600000000000001	14.600000000000001
0.021740000000000002	15.600000000000001	14.600000000000001
0.02176	15.600000000000001	14.600000000000001
0.02178	15.600000000000001	14.4
0.021800000000000003	15.600000000000001	14.600000000000001
0.021820000000000003	15.600000000000001	14.600000000000001
0.021840000000000002	15.4	14.4
0.02186	15.600000000000001	14.4
0.02188	15.4	14.4
0.021900000000000003	15.4	14.200000000000001
0.021920000000000002	15.4	14.200000000000001
0.02194	15.0	14.200000000000001
0.02196	15.0	14.0
0.021980000000000003	15.0	13.8
0.022000000000000002	14.8	13.8
0.02202	14.600000000000001	13.8
0.02204	14.600000000000001	13.8
0.022060000000000003	14.600000000000001	13.4
0.022080000000000002	14.4	13.600000000000001
0.0221	14.4	13.4
0.02212	14.4	13.4
0.022140000000000003	14.200000000000001	13.200000000000001
0.022160000000000003	14.0	13.200000000000001
0.022180000000000002	14.0	13.0
0.0222	14.0	13.200000000000001
0.02222	14.0	13.0
0.022240000000000003	13.8	13.0
0.022260000000000002	13.8	13.0
0.02228	13.8	12.8
0.0223	13.8	12.8
0.022320000000000003	13.600000000000001	12.600000000000001
0.022340000000000002	13.600000000000001	12.600000000000001
0.02236	13.4	12.4
0.02238	13.4	12.4
0.022400000000000003	13.4	12.4
0.022420000000000002	13.4	12.4
0.02244	13.200000000000001	12.200000000000001
0.02246	13.200000000000001	12.200000000000001
0.022480000000000003	13.200000000000001	12.200000000000001
0.022500000000000003	13.0	12.200000000000001
0.022520000000000002	13.0	12.0
0.02254	13.0	12.0
0.02256	12.8	11.8
0.022580000000000003	12.8	11.8
0.022600000000000002	12.600000000000001	11.600000000000001
0.02262	12.600000000000001	11.600000000000001
0.02264	12.4	11.600000000000001
0.022660000000000003	12.4	11.4
0.022680000000000002	12.4	11.4
0.0227	12.200000000000001	11.200000000000001
0.02272	12.200000000000001	11.200000000000001
0.022740000000000003	12.0	11.0
0.022760000000000002	11.8	11.0
0.02278	11.8	11.0
0.0228	11.8	10.8
0.022820000000000003	11.8	10.8
0.022840000000000003	11.600000000000001	10.600000000000001
0.022860000000000002	11.600000000000001	10.600000000000001
0.02288	11.4	10.4
0.0229	11.4	10.4
0.022920000000000003	11.200000000000001	10.200000000000001
0.022940000000000002	11.200000000000001	10.200000000000001
0.02296	11.0	10.0
0.02298	11.0	10.0
0.023000000000000003	10.8	10.0
0.023020000000000002	10.8	9.8
0.02304	10.8	9.8
0.02306	10.600000000000001	9.600000000000001
0.023080000000000003	10.600000000000001	9.600000000000001
0.023100000000000002	10.4	9.600000000000001
0.02312	10.4	9.4
0.02314	10.4	9.4
0.023160000000000004	10.0	9.200000000000001
0.023180000000000003	10.0	9.0
0.023200000000000002	9.8	9.0
0.02322	9.8	9.0
0.02324	9.8	8.8
0.023260000000000003	9.8	8.8
0.023280000000000002	9.600000000000001	8.6
0.0233	9.4	8.6
0.02332	9.4	8.6
0.023340000000000003	9.200000000000001	8.4
0.023360000000000002	9.200000000000001	8.200000000000001
0.02338	9.200000000000001	8.200000000000001
0.0234	9.0	8.0
0.023420000000000003	8.8	8.0
0.023440000000000003	8.8	7.800000000000001
0.02346	8.6	7.800000000000001
0.02348	8.6	7.6000000000000005
0.023500000000000004	8.6	7.6000000000000005
0.023520000000000003	8.4	7.4
0.023540000000000002	8.200000000000001	7.4
0.02356	8.200000000000001	7.2
0.02358	8.0	7.0
0.023600000000000003	8.0	7.0
0.023620000000000002	7.800000000000001	7.0
0.02364	7.800000000000001	7.0
0.02366	7.6000000000000005	6.800000000000001
0.023680000000000003	7.4	6.800000000000001
0.023700000000000002	7.4	6.4
0.02372	7.4	6.4
0.02374	7.2	6.4
0.023760000000000003	7.2	6.2
0.023780000000000003	7.0	6.0
0.0238	7.0	6.0
0.02382	6.800000000000001	5.800000000000001
0.023840000000000004	6.6000000000000005	5.6000000000000005
0.023860000000000003	6.6000000000000005	5.6000000000000005
0.023880000000000002	6.4	5.4
0.0239	6.2	5.4
0.02392	6.0	5.2
0.023940000000000003	6.0	5.2
0.023960000000000002	6.0	5.0
0.02398	5.800000000000001	4.800000000000001
0.024	5.6000000000000005	4.800000000000001
0.024020000000000003	5.4	4.6000000000000005
0.024040000000000002	5.4	4.6000000000000005
0.02406	5.4	4.4
0.02408	5.2	4.2
0.024100000000000003	5.0	4.2
0.024120000000000003	4.800000000000001	4.0
0.02414	4.800000000000001	3.8000000000000003
0.02416	4.6000000000000005	3.8000000000000003
0.024180000000000004	4.4	3.6
0.024200000000000003	4.4	3.4000000000000004
0.024220000000000002	4.2	3.4000000000000004
0.02424	4.2	3.2
0.02426	4.0	3.2
0.024280000000000003	3.8000000000000003	3.0
0.024300000000000002	3.8000000000000003	3.0
0.02432	3.6	2.8000000000000003
0.02434	3.4000000000000004	2.6
0.024360000000000003	3.4000000000000004	2.6
0.024380000000000002	3.2	2.4000000000000004
0.0244	3.2	2.4000000000000004
0.02442	3.0	2.0
0.024440000000000003	2.8000000000000003	2.0
0.024460000000000003	2.6	1.8
0.024480000000000002	2.6	1.8
0.0245	2.4000000000000004	1.6
0.024520000000000004	2.2	1.4000000000000001
0.024540000000000003	2.2	1.4000000000000001
0.024560000000000002	1.8	1.0
0.02458	1.8	1.2000000000000002
0.0246	1.6	0.8
0.024620000000000003	1.6	0.8
0.024640000000000002	1.4000000000000001	0.6000000000000001
0.02466	1.4000000000000001	0.4
0.02468	1.2000000000000002	0.4
0.024700000000000003	1.2000000000000002	0.4
0.024720000000000002	1.0	0.2
0.02474	0.8	0.0
0.02476	0.6000000000000001	0.0
0.024780000000000003	0.6000000000000001	-0.2
0.024800000000000003	0.4	0.0
0.024820000000000002	0.2	0.0
0.02484	0.2	0.0
0.024860000000000004	0.0	0.0
0.024880000000000003	-0.2	0.0
0.024900000000000002	-0.2	0.0
0.02492	-0.4	0.0
0.02494	-0.6000000000000001	0.2
0.024960000000000003	-0.6000000000000001	0.2
0.024980000000000002	-0.8	0.4
0.025	-0.8	0.4
0.02502	-1.0	0.6000000000000001
0.025040000000000003	-1.0	0.6000000000000001
0.025060000000000002	-1.2000000000000002	0.8
0.02508	-1.4000000000000001	1.0
0.0251	-1.6	0.8
0.025120000000000003	-1.6	1.0
0.025140000000000003	-1.6	1.2000000000000002
0.025160000000000002	-1.8	1.2000000000000002
0.02518	-2.0	1.4000000000000001
0.025200000000000004	-2.2	1.6
0.025220000000000003	-2.2	1.6
0.025240000000000002	-2.2	1.6
0.02526	-2.2	1.6
0.02528	-2.4000000000000004	1.8
0.025300000000000003	-2.4000000000000004	1.8
0.025320000000000002	-2.6	1.8
0.02534	-2.8000000000000003	2.0
0.02536	-2.8000000000000003	2.4000000000000004
0.025380000000000003	-3.0	2.4000000000000004
0.025400000000000002	-3.2	2.6
0.02542	-3.2	2.6
0.02544	-3.4000000000000004	2.8000000000000003
0.025460000000000003	-3.4000000000000004	3.0
0.025480000000000003	-3.6	3.0
0.025500000000000002	-3.6	3.0
0.02552	-3.6	3.2
0.025540000000000004	-3.8000000000000003	3.2
0.025560000000000003	-3.8000000000000003	3.4000000000000004
0.025580000000000002	-3.8000000000000003	3.4000000000000004
0.0256	-4.2	3.4000000000000004
0.02562	-4.0	3.6
0.025640000000000003	-4.2	3.6
0.025660000000000002	-4.2	3.8000000000000003
0.02568	-4.2	3.6
0.0257	-4.4	3.8000000000000003
0.025720000000000003	-4.6000000000000005	4.0
0.025740000000000002	-4.6000000000000005	4.0
0.02576	-4.800000000000001	4.2
0.02578	-5.0	4.2
0.025800000000000003	-4.800000000000001	4.2
0.025820000000000003	-5.2	4.4
0.025840000000000002	-5.0	4.6000000000000005
0.02586	-5.2	4.6000000000000005
0.025880000000000004	-5.2	4.6000000000000005
0.025900000000000003	-5.4	4.800000000000001
0.025920000000000002	-5.4	4.800000000000001
0.02594	-5.6000000000000005	5.0
0.02596	-5.6000000000000005	5.0
0.025980000000000003	-5.800000000000001	5.0
0.026000000000000002	-5.800000000000001	5.2
0.02602	-6.0	5.2
0.02604	-6.0	5.4
0.026060000000000003	-6.2	5.6000000000000005
0.026080000000000002	-6.2	5.6000000000000005
0.0261	-6.2	5.6000000000000005
0.02612	-6.4	5.6000000000000005
0.026140000000000004	-6.4	5.800000000000001
0.026160000000000003	-6.6000000000000005	6.0
0.026180000000000002	-6.800000000000001	6.0
0.0262	-6.800000000000001	6.2
0.026220000000000004	-6.800000000000001	6.2
0.026240000000000003	-6.800000000000001	6.4
0.026260000000000002	-7.0	6.4
0.02628	-7.2	6.4
0.0263	-7.2	6.800000000000001
0.026320000000000003	-7.2	6.800000000000001
0.026340000000000002	-7.4	6.800000000000001
0.02636	-7.4	6.800000000000001
0.02638	-7.6000000000000005	7.0
0.026400000000000003	-7.6000000000000005	7.0
0.026420000000000003	-7.800000000000001	7.2
0.02644	-7.800000000000001	7.2
0.02646	-8.0	7.4
0.026480000000000004	-8.200000000000001	7.6000000000000005
0.026500000000000003	-8.200000000000001	7.6000000000000005
0.026520000000000002	-8.4	7.800000000000001
0.02654	-8.4	7.800000000000001
0.026560000000000004	-8.6	7.800000000000001
0.026580000000000003	-8.8	8.0
0.026600000000000002	-8.8	8.0
0.02662	-8.8	8.200000000000001
0.02664	-9.0	8.4
0.026660000000000003	-9.0	8.4
0.026680000000000002	-9.200000000000001	8.6
0.0267	-9.4	8.6
0.02672	-9.4	8.6
0.026740000000000003	-9.4	8.8
0.026760000000000003	-9.600000000000001	9.0
0.02678	-9.8	9.0
0.0268	-9.8	9.200000000000001
0.026820000000000004	-10.0	9.200000000000001
0.026840000000000003	-10.0	9.4
0.026860000000000002	-10.200000000000001	9.4
0.02688	-10.200000000000001	9.4
0.026900000000000004	-10.4	9.600000000000001
0.026920000000000003	-10.4	9.8
0.026940000000000002	-10.600000000000001	9.8
0.02696	-10.600000000000001	10.0
0.02698	-10.600000000000001	10.0
0.027000000000000003	-10.8	10.0
0.027020000000000002	-10.8	10.200000000000001
0.02704	-11.0	10.4
0.02706	-11.200000000000001	10.4
0.027080000000000003	-11.200000000000001	10.600000000000001
0.027100000000000003	-11.4	10.600000000000001
0.027120000000000002	-11.4	10.8
0.02714	-11.600000000000001	10.8
0.027160000000000004	-11.600000000000001	10.8
0.027180000000000003	-11.600000000000001	11.0
0.027200000000000002	-11.8	11.200000000000001
0.02722	-12.0	11.200000000000001
0.027240000000000004	-12.0	11.200000000000001
0.027260000000000003	-12.200000000000001	11.4
0.027280000000000002	-12.200000000000001	11.600000000000001
0.0273	-12.4	11.600000000000001
0.02732	-12.4	11.8
0.027340000000000003	-12.600000000000001	11.8
0.027360000000000002	-12.600000000000001	11.8
0.02738	-12.8	12.0
0.0274	-12.600000000000001	12.200000000000001
0.027420000000000003	-12.8	12.200000000000001
0.027440000000000003	-13.0	12.200000000000001
0.027460000000000002	-13.0	12.4
0.02748	-13.200000000000001	12.4
0.027500000000000004	-13.200000000000001	12.600000000000001
0.027520000000000003	-13.200000000000001	12.600000000000001
0.027540000000000002	-13.4	12.8
0.02756	-13.600000000000001	12.8
0.027580000000000004	-13.600000000000001	12.8
0.027600000000000003	-13.600000000000001	13.0
0.027620000000000002	-13.8	13.0
0.02764	-13.8	13.0
0.02766	-14.0	13.200000000000001
0.027680000000000003	-14.0	13.200000000000001
0.027700000000000002	-14.0	13.4
0.02772	-14.0	13.4
0.02774	-14.0	13.600000000000001
0.027760000000000003	-14.200000000000001	13.600000000000001
0.027780000000000003	-14.200000000000001	13.600000000000001
0.027800000000000002	-14.4	13.600000000000001
0.02782	-14.4	13.8
0.027840000000000004	-14.4	13.8
0.027860000000000003	-14.4	13.8
0.027880000000000002	-14.600000000000001	13.8
0.0279	-14.600000000000001	13.8
0.027920000000000004	-14.600000000000001	13.8
0.027940000000000003	-14.600000000000001	13.8
0.027960000000000002	-14.600000000000001	14.0
0.02798	-14.600000000000001	14.0
0.028	-14.8	14.0
0.028020000000000003	-14.8	14.0
0.028040000000000002	-14.8	14.0
0.02806	-14.8	14.0
0.02808	-14.8	14.200000000000001
0.028100000000000003	-14.8	14.0
0.028120000000000003	-15.0	14.0
0.028140000000000002	-15.0	14.200000000000001
0.02816	-14.8	14.200000000000001
0.028180000000000004	-15.0	14.200000000000001
0.028200000000000003	-14.8	14.200000000000001
0.028220000000000002	-15.0	14.200000000000001
0.02824	-15.0	14.200000000000001
0.028260000000000004	-15.0	14.200000000000001
0.028280000000000003	-15.0	14.200000000000001
0.028300000000000002	-15.0	14.200000000000001
0.02832	-15.0	14.200000000000001
0.02834	-15.0	14.200000000000001
0.028360000000000003	-15.0	14.200000000000001
0.028380000000000002	-15.0	14.200000000000001
0.0284	-15.0	14.4
0.02842	-15.0	14.200000000000001
0.028440000000000003	-15.0	14.200000000000001
0.028460000000000003	-15.0	14.200000000000001
0.028480000000000002	-15.0	14.200000000000001
0.0285	-15.0	14.4
0.028520000000000004	-15.0	14.200000000000001
0.028540000000000003	-15.200000000000001	14.4
0.028560000000000002	-15.0	14.4
0.02858	-15.200000000000001	14.4
0.028600000000000004	-15.200000000000001	14.4
0.028620000000000003	-15.0	14.4
0.028640000000000002	-15.200000000000001	14.4
0.02866	-15.200000000000001	14.4
0.02868	-15.200000000000001	14.4
0.028700000000000003	-15.200000000000001	14.4
0.028720000000000002	-15.200000000000001	14.4
0.02874	-15.200000000000001	14.4
0.02876	-15.200000000000001	14.4
0.028780000000000003	-15.200000000000001	14.4
0.028800000000000003	-15.200000000000001	14.4
0.028820000000000002	-15.200000000000001	14.4
0.02884	-15.200000000000001	14.4
0.028860000000000004	-15.200000000000001	14.4
0.028880000000000003	-15.200000000000001	14.4
0.028900000000000002	-15.200000000000001	14.4
0.02892	-15.200000000000001	14.4
0.028940000000000004	-15.200000000000001	14.4
0.028960000000000003	-15.200000000000001	14.600000000000001
0.028980000000000002	-15.200000000000001	14.4
0.029	-15.200000000000001	14.4
0.02902	-15.200000000000001	14.4
0.029040000000000003	-15.200000000000001	14.600000000000001
0.029060000000000002	-15.200000000000001	14.4
0.02908	-15.4	14.4
0.0291	-15.200000000000001	14.600000000000001
0.029120000000000004	-15.4	14.600000000000001
0.029140000000000003	-15.4	14.600000000000001
0.029160000000000002	-15.4	14.600000000000001
0.02918	-15.4	14.600000000000001
0.029200000000000004	-15.4	14.4
0.029220000000000003	-15.4	14.600000000000001
0.029240000000000002	-15.200000000000001	14.600000000000001
0.02926	-15.4	14.600000000000001
0.029280000000000004	-15.4	14.600000000000001
0.029300000000000003	-15.4	14.600000000000001
0.029320000000000002	-15.4	14.4
0.02934	-15.4	14.600000000000001
0.02936	-15.4	14.600000000000001
0.029380000000000003	-15.4	14.600000000000001
0.029400000000000003	-15.4	14.600000000000001
0.02942	-15.4	14.600000000000001
0.02944	-15.4	14.600000000000001
0.029460000000000004	-15.4	14.600000000000001
0.029480000000000003	-15.4	14.600000000000001
0.029500000000000002	-15.4	14.600000000000001
0.02952	-15.4	14.600000000000001
0.029540000000000004	-15.4	14.8
0.029560000000000003	-15.4	14.600000000000001
0.029580000000000002	-15.4	14.600000000000001
0.0296	-15.4	14.600000000000001
0.029620000000000004	-15.4	14.600000000000001
0.029640000000000003	-15.4	14.600000000000001
0.029660000000000002	-15.4	14.600000000000001
0.02968	-15.4	14.600000000000001
0.0297	-15.4	14.600000000000001
0.029720000000000003	-15.4	14.600000000000001
0.029740000000000003	-15.4	14.600000000000001
0.02976	-15.4	14.600000000000001
0.02978	-15.600000000000001	14.600000000000001
0.029800000000000004	-15.4	14.600000000000001
0.029820000000000003	-15.4	14.600000000000001
0.029840000000000002	-15.4	14.600000000000001
0.02986	-15.4	14.8
0.029880000000000004	-15.4	14.600000000000001
0.029900000000000003	-15.4	14.600000000000001
0.029920000000000002	-15.4	14.600000000000001
0.02994	-15.4	14.600000000000001
0.029960000000000004	-15.4	14.600000000000001
0.029980000000000003	-15.4	14.600000000000001
0.030000000000000002	-15.4	14.600000000000001
0.03002	-15.4	14.600000000000001
0.03004	-15.4	14.600000000000001
0.030060000000000003	-15.4	14.600000000000001
0.030080000000000003	-15.4	14.600000000000001
0.030100000000000002	-15.4	14.600000000000001
0.03012	-15.4	14.600000000000001
0.030140000000000004	-15.4	14.4
0.030160000000000003	-15.200000000000001	14.4
0.030180000000000002	-15.200000000000001	14.4
0.0302	-15.200000000000001	14.4
0.030220000000000004	-15.200000000000001	14.4
0.030240000000000003	-15.0	14.200000000000001
0.030260000000000002	-15.0	14.200000000000001
0.03028	-14.8	14.0
0.030300000000000004	-14.8	14.0
0.030320000000000003	-14.600000000000001	13.8
0.030340000000000002	-14.600000000000001	13.8
0.03036	-14.4	13.600000000000001
0.03038	-14.4	13.600000000000001
0.030400000000000003	-14.200000000000001	13.600000000000001
0.030420000000000003	-14.200000000000001	13.600000000000001
0.030440000000000002	-14.0	13.4
0.03046	-14.0	13.4
0.030480000000000004	-14.0	13.4
0.030500000000000003	-14.0	13.0
0.030520000000000002	-13.8	13.200000000000001
0.03054	-13.8	13.0
0.030560000000000004	-13.8	13.0
0.030580000000000003	-13.8	12.8
0.030600000000000002	-13.600000000000001	12.8
0.03062	-13.600000000000001	12.8
0.030640000000000004	-13.4	12.8
0.030660000000000003	-13.4	12.600000000000001
0.030680000000000002	-13.4	12.600000000000001
0.0307	-13.200000000000001	12.4
0.030720000000000004	-13.200000000000001	12.4
0.030740000000000003	-13.200000000000001	12.4
0.030760000000000003	-13.200000000000001	12.200000000000001
0.030780000000000002	-13.0	12.200000000000001
0.0308	-13.0	12.200000000000001
0.030820000000000004	-12.8	12.200000000000001
0.030840000000000003	-12.8	12.200000000000001
0.030860000000000002	-12.600000000000001	12.0
0.03088	-12.600000000000001	12.0
0.030900000000000004	-12.600000000000001	11.8
0.030920000000000003	-12.600000000000001	11.8
0.030940000000000002	-12.600000000000001	11.8
0.03096	-12.4	11.600000000000001
0.030980000000000004	-12.4	11.4
0.031000000000000003	-12.200000000000001	11.4
0.031020000000000002	-12.200000000000001	11.4
0.03104	-12.0	11.200000000000001
0.031060000000000004	-12.0	11.200000000000001
0.031080000000000003	-11.8	11.0
0.031100000000000003	-11.8	11.0
0.031120000000000002	-11.8	10.8
0.03114	-11.600000000000001	10.8
0.031160000000000004	-11.600000000000001	10.600000000000001
0.031180000000000003	-11.4	10.600000000000001
0.031200000000000002	-11.200000000000001	10.600000000000001
0.03122	-11.200000000000001	10.4
0.031240000000000004	-11.0	10.4
0.03126	-11.0	10.200000000000001
0.03128	-10.8	10.200000000000001
0.0313	-10.8	10.0
0.03132	-10.600000000000001	10.0
0.03134	-10.600000000000001	10.0
0.031360000000000006	-10.600000000000001	9.8
0.031380000000000005	-10.600000000000001	9.600000000000001
0.031400000000000004	-10.200000000000001	9.600000000000001
0.031420000000000003	-10.200000000000001	9.600000000000001
0.03144	-10.200000000000001	9.4
0.03146	-10.0	9.4
0.03148	-10.0	9.4
0.0315	-10.0	9.200000000000001
0.03152	-9.8	9.200000000000001
0.031540000000000006	-9.600000000000001	9.0
0.031560000000000005	-9.600000000000001	8.8
0.031580000000000004	-9.600000000000001	8.6
0.0316	-9.4	8.8
0.03162	-9.4	8.6
0.03164	-9.200000000000001	8.6
0.03166	-9.200000000000001	8.4
0.03168	-9.0	8.4
0.031700000000000006	-9.0	8.200000000000001
0.031720000000000005	-9.0	8.200000000000001
0.031740000000000004	-8.8	8.0
0.031760000000000004	-8.8	7.800000000000001
0.03178	-8.6	7.800000000000001
0.0318	-8.6	7.800000000000001
0.03182	-8.4	7.6000000000000005
0.03184	-8.200000000000001	7.6000000000000005
0.03186	-8.200000000000001	7.4
0.031880000000000006	-8.200000000000001	7.2
0.031900000000000005	-8.0	7.2
0.031920000000000004	-7.800000000000001	7.2
0.03194	-7.800000000000001	7.0
0.03196	-7.6000000000000005	7.0
0.03198	-7.4	6.800000000000001
0.032	-7.4	6.800000000000001
0.03202	-7.4	6.6000000000000005
0.032040000000000006	-7.2	6.4
0.032060000000000005	-7.0	6.4
0.032080000000000004	-6.800000000000001	6.4
0.032100000000000004	-6.800000000000001	6.2
0.03212	-6.800000000000001	6.0
0.03214	-6.800000000000001	6.0
0.03216	-6.6000000000000005	5.800000000000001
0.03218	-6.4	5.800000000000001
0.0322	-6.2	5.6000000000000005
0.032220000000000006	-6.2	5.6000000000000005
0.032240000000000005	-6.0	5.2
0.032260000000000004	-6.0	5.2
0.03228	-5.800000000000001	5.2
0.0323	-5.800000000000001	5.0
0.03232	-5.6000000000000005	4.800000000000001
0.03234	-5.4	4.800000000000001
0.03236	-5.2	4.6000000000000005
0.032380000000000006	-5.2	4.6000000000000005
0.032400000000000005	-5.0	4.4
0.032420000000000004	-5.0	4.2
0.032440000000000004	-4.800000000000001	4.2
0.03246	-4.800000000000001	4.0
0.03248	-4.6000000000000005	3.8000000000000003
0.0325	-4.4	3.8000000000000003
0.03252	-4.4	3.6
0.03254	-4.2	3.4000000000000004
0.032560000000000006	-4.0	3.4000000000000004
0.032580000000000005	-4.0	3.2
0.032600000000000004	-3.8000000000000003	3.2
0.03262	-3.6	3.0
0.03264	-3.6	2.8000000000000003
0.03266	-3.4000000000000004	2.8000000000000003
0.03268	-3.2	2.6
0.0327	-3.2	2.6
0.032720000000000006	-3.0	2.4000000000000004
0.032740000000000005	-3.0	2.2
0.032760000000000004	-2.8000000000000003	2.0
0.032780000000000004	-2.6	1.8
0.0328	-2.4000000000000004	1.8
0.03282	-2.2	1.6
0.03284	-2.2	1.6
0.03286	-2.0	1.4000000000000001
0.03288	-1.8	1.2000000000000002
0.032900000000000006	-1.8	1.0
0.032920000000000005	-1.4000000000000001	0.8
0.032940000000000004	-1.4000000000000001	0.8
0.03296	-1.4000000000000001	0.8
0.03298	-1.2000000000000002	0.6000000000000001
0.033	-1.0	0.4
0.03302	-1.0	0.4
0.03304	-0.8	0.4
0.033060000000000006	-0.6000000000000001	0.2
0.033080000000000005	-0.6000000000000001	0.0
0.033100000000000004	-0.4	0.0
0.033120000000000004	-0.2	0.0
0.03314	-0.2	0.0
0.03316	0.0	0.0
0.03318	0.0	0.0
0.0332	0.2	0.0
0.03322	0.4	0.0
0.033240000000000006	0.4	0.0
0.033260000000000005	0.6000000000000001	0.2
0.033280000000000004	0.8	0.0
0.0333	0.8	0.2
0.03332	1.0	0.4
0.03334	1.0	0.4
0.03336	1.2000000000000002	0.4
0.03338	1.4000000000000001	0.6000000000000001
0.033400000000000006	1.4000000000000001	0.8
0.033420000000000005	1.6	0.8
0.033440000000000004	1.8	1.0
0.033460000000000004	1.8	1.0
0.03348	1.8	1.2000000000000002
0.0335	2.0	1.2000000000000002
0.03352	2.0	1.2000000000000002
0.03354	2.2	1.2000000000000002
0.03356	2.2	1.6
0.033580000000000006	2.4000000000000004	1.8
0.033600000000000005	2.6	1.8
0.033620000000000004	2.8000000000000003	2.0
0.03364	3.0	2.0
0.03366	3.2	2.4000000000000004
0.03368	3.2	2.4000000000000004
0.0337	3.4000000000000004	2.4000000000000004
0.03372	3.2	2.4000000000000004
0.033740000000000006	3.4000000000000004	2.6
0.033760000000000005	3.4000000000000004	2.6
0.033780000000000004	3.4000000000000004	2.8000000000000003
0.033800000000000004	3.6	2.8000000000000003
0.03382	3.6	3.0
0.03384	3.8000000000000003	3.0
0.03386	4.0	3.2
0.03388	3.8000000000000003	3.2
0.0339	4.0	3.2
0.033920000000000006	4.0	3.2
0.033940000000000005	4.2	3.4000000000000004
0.033960000000000004	4.4	3.4000000000000004
0.03398	4.4	3.6
0.034	4.4	3.6
0.03402	4.6000000000000005	3.8000000000000003
0.03404	4.6000000000000005	3.8000000000000003
0.03406	4.800000000000001	4.2
0.034080000000000006	4.800000000000001	4.0
0.034100000000000005	5.0	4.2
0.034120000000000004	5.0	4.2
0.034140000000000004	5.2	4.2
0.03416	5.4	4.4
0.03418	5.4	4.6000000000000005
0.0342	5.4	4.6000000000000005
0.03422	5.4	4.6000000000000005
0.03424	5.4	4.800000000000001
0.034260000000000006	5.6000000000000005	4.800000000000001
0.034280000000000005	5.6000000000000005	4.800000000000001
0.034300000000000004	5.800000000000001	5.0
0.03432	5.800000000000001	5.0
0.03434	6.0	5.2
0.03436	6.0	5.2
0.03438	6.2	5.4
0.0344	6.2	5.4
0.034420000000000006	6.4	5.6000000000000005
0.034440000000000005	6.4	5.6000000000000005
0.034460000000000005	6.6000000000000005	5.800000000000001
0.034480000000000004	6.6000000000000005	5.800000000000001
0.0345	6.800000000000001	6.0
0.03452	7.0	6.0
0.03454	7.0	6.2
0.03456	7.2	6.2
0.03458	7.2	6.4
0.034600000000000006	7.2	6.4
0.034620000000000005	7.2	6.6000000000000005
0.034640000000000004	7.4	6.6000000000000005
0.03466	7.4	6.800000000000001
0.03468	7.6000000000000005	6.800000000000001
0.0347	7.6000000000000005	6.800000000000001
0.03472	7.800000000000001	7.0
0.03474	7.800000000000001	7.0
0.034760000000000006	8.0	7.2
0.034780000000000005	8.0	7.2
0.034800000000000005	8.200000000000001	7.4
0.034820000000000004	8.4	7.4
0.03484	8.4	7.6000000000000005
0.03486	8.6	7.6000000000000005
0.03488	8.6	7.800000000000001
0.0349	8.8	7.800000000000001
0.03492	8.8	7.800000000000001
0.034940000000000006	9.0	8.0
0.034960000000000005	9.200000000000001	8.200000000000001
0.034980000000000004	9.200000000000001	8.4
0.035	9.200000000000001	8.6
0.03502	9.4	8.6
0.03504	9.4	8.8
0.03506	9.600000000000001	8.8
0.03508	9.8	8.8
0.035100000000000006	9.8	9.0
0.035120000000000005	10.0	9.200000000000001
0.035140000000000005	10.0	9.200000000000001
0.035160000000000004	10.200000000000001	9.4
0.03518	10.200000000000001	9.4
0.0352	10.4	9.4
0.03522	10.4	9.4
0.03524	10.4	9.600000000000001
0.03526	10.600000000000001	9.8
0.035280000000000006	10.8	10.0
0.035300000000000005	10.8	10.0
0.035320000000000004	10.8	10.0
0.03534	11.0	10.0
0.03536	11.200000000000001	10.200000000000001
0.03538	11.200000000000001	10.4
0.0354	11.4	10.600000000000001
0.03542	11.600000000000001	10.600000000000001
0.035440000000000006	11.600000000000001	10.600000000000001
0.035460000000000005	11.600000000000001	10.8
0.035480000000000005	11.8	10.8
0.035500000000000004	11.8	11.0
0.03552	12.0	11.0
0.03554	12.0	11.200000000000001
0.03556	12.0	11.200000000000001
0.03558	12.200000000000001	11.4
0.0356	12.4	11.4
0.035620000000000006	12.4	11.600000000000001
0.035640000000000005	12.4	11.600000000000001
0.035660000000000004	12.4	11.600000000000001
0.03568	12.600000000000001	11.8
0.0357	12.8	11.8
0.03572	12.8	12.0
0.03574	13.0	12.200000000000001
0.03576	13.200000000000001	12.200000000000001
0.035780000000000006	13.200000000000001	12.4
0.035800000000000005	13.4	12.4
0.035820000000000005	13.4	12.4
0.035840000000000004	13.600000000000001	12.600000000000001
0.03586	13.600000000000001	12.8
0.03588	13.8	12.8
0.0359	13.8	12.8
0.03592	13.8	13.0
0.03594	14.0	13.0
0.035960000000000006	14.0	13.0
0.035980000000000005	14.0	13.0
0.036000000000000004	14.0	13.200000000000001
0.03602	14.200000000000001	13.200000000000001
0.03604	14.4	13.4
0.03606	14.4	13.4
0.03608	14.4	13.4
0.0361	14.4	13.600000000000001
0.036120000000000006	14.4	13.600000000000001
0.036140000000000005	14.600000000000001	13.600000000000001
0.036160000000000005	14.600000000000001	13.600000000000001
0.036180000000000004	14.600000000000001	13.8
0.0362	14.600000000000001	13.8
0.03622	14.8	13.8
0.03624	14.8	13.8
0.03626	14.8	13.8
0.03628	14.8	13.8
0.036300000000000006	15.0	14.0
0.036320000000000005	15.0	14.0
0.036340000000000004	15.0	14.0
0.03636	15.0	14.0
0.03638	15.0	14.0
0.0364	15.0	14.0
0.03642	15.0	14.0
0.03644	15.0	14.0
0.036460000000000006	15.0	14.200000000000001
0.036480000000000005	15.0	14.200000000000001
0.036500000000000005	15.200000000000001	14.200000000000001
0.036520000000000004	15.0	14.200000000000001
0.03654	15.200000000000001	14.200000000000001
0.03656	15.0	14.200000000000001
0.03658	15.0	14.200000000000001
0.0366	15.200000000000001	14.200000000000001
0.03662	15.200000000000001	14.200000000000001
0.036640000000000006	15.200000000000001	14.200000000000001
0.036660000000000005	15.200000000000001	14.200000000000001
0.036680000000000004	15.200000000000001	14.200000000000001
0.0367	15.200000000000001	14.200000000000001
0.03672	15.200000000000001	14.4
0.03674	15.200000000000001	14.200000000000001
0.03676	15.200000000000001	14.200000000000001
0.03678	15.200000000000001	14.200000000000001
0.036800000000000006	15.200000000000001	14.200000000000001
0.036820000000000006	15.200000000000001	14.4
0.036840000000000005	15.200000000000001	14.4
0.036860000000000004	15.4	14.4
0.03688	15.4	14.200000000000001
0.0369	15.4	14.4
0.03692	15.4	14.4
0.03694	15.4	14.200000000000001
0.03696	15.4	14.4
0.036980000000000006	15.4	14.4
0.037000000000000005	15.4	14.4
0.037020000000000004	15.4	14.4
0.037040000000000003	15.4	14.4
0.03706	15.4	14.4
0.03708	15.4	14.4
0.0371	15.4	14.4
0.03712	15.4	14.4
0.037140000000000006	15.4	14.4
0.037160000000000006	15.4	14.4
0.037180000000000005	15.4	14.600000000000001
0.037200000000000004	15.4	14.4
0.03722	15.4	14.4
0.03724	15.600000000000001	14.4
0.03726	15.4	14.600000000000001
0.03728	15.4	14.4
0.0373	15.600000000000001	14.4
0.037320000000000006	15.600000000000001	14.600000000000001
0.037340000000000005	15.600000000000001	14.4
0.037360000000000004	15.600000000000001	14.4
0.037380000000000004	15.4	14.4
0.0374	15.600000000000001	14.600000000000001
0.03742	15.600000000000001	14.600000000000001
0.03744	15.600000000000001	14.600000000000001
0.03746	15.600000000000001	14.600000000000001
0.037480000000000006	15.600000000000001	14.600000000000001
0.037500000000000006	15.600000000000001	14.600000000000001
0.037520000000000005	15.600000000000001	14.600000000000001
0.037540000000000004	15.600000000000001	14.600000000000001
0.03756	15.600000000000001	14.600000000000001
0.03758	15.600000000000001	14.600000000000001
0.0376	15.600000000000001	14.600000000000001
0.03762	15.600000000000001	14.600000000000001
0.03764	15.600000000000001	14.600000000000001
0.037660000000000006	15.600000000000001	14.600000000000001
0.037680000000000005	15.600000000000001	14.600000000000001
0.037700000000000004	15.600000000000001	14.600000000000001
0.037720000000000004	15.600000000000001	14.600000000000001
0.03774	15.600000000000001	14.600000000000001
0.03776	15.600000000000001	14.600000000000001
0.03778	15.600000000000001	14.600000000000001
0.0378	15.600000000000001	14.600000000000001
0.037820000000000006	15.600000000000001	14.600000000000001
0.037840000000000006	15.600000000000001	14.600000000000001
0.037860000000000005	15.600000000000001	14.600000000000001
0.037880000000000004	15.600000000000001	14.600000000000001
0.0379	15.600000000000001	14.8
0.03792	15.600000000000001	14.600000000000001
0.03794	15.600000000000001	14.600000000000001
0.03796	15.600000000000001	14.8
0.03798	15.8	14.600000000000001
0.038000000000000006	15.600000000000001	14.600000000000001
0.038020000000000005	15.600000000000001	14.600000000000001
0.038040000000000004	15.600000000000001	14.8
0.038060000000000004	15.600000000000001	14.600000000000001
0.03808	15.600000000000001	14.600000000000001
0.0381	15.600000000000001	14.600000000000001
0.03812	15.600000000000001	14.600000000000001
0.03814	15.600000000000001	14.600000000000001
0.038160000000000006	15.600000000000001	14.600000000000001
0.038180000000000006	15.600000000000001	14.600000000000001
0.038200000000000005	15.600000000000001	14.600000000000001
0.038220000000000004	15.600000000000001	14.600000000000001
0.03824	15.600000000000001	14.600000000000001
0.03826	15.8	14.600000000000001
0.03828	15.600000000000001	14.600000000000001
0.0383	15.600000000000001	14.600000000000001
0.03832	15.600000000000001	14.600000000000001
0.038340000000000006	15.600000000000001	14.600000000000001
0.038360000000000005	15.600000000000001	14.600000000000001
0.038380000000000004	15.600000000000001	14.8
0.038400000000000004	15.600000000000001	14.600000000000001
0.03842	15.600000000000001	14.600000000000001
0.03844	15.600000000000001	14.600000000000001
0.03846	15.600000000000001	14.4
0.03848	15.4	14.4
0.038500000000000006	15.4	14.4
0.038520000000000006	15.4	14.4
0.038540000000000005	15.4	14.200000000000001
0.038560000000000004	15.200000000000001	14.200000000000001
0.03858	15.200000000000001	14.200000000000001
0.0386	15.0	14.200000000000001
0.03862	15.0	14.0
0.03864	15.0	13.8
0.03866	14.8	13.8
0.038680000000000006	14.8	13.600000000000001
0.038700000000000005	14.600000000000001	13.600000000000001
0.038720000000000004	14.4	13.600000000000001
0.038740000000000004	14.4	13.4
0.03876	14.4	13.4
0.03878	14.4	13.4
0.0388	14.200000000000001	13.200000000000001
0.03882	14.200000000000001	13.200000000000001
0.038840000000000006	14.200000000000001	13.200000000000001
0.038860000000000006	14.0	13.200000000000001
0.038880000000000005	14.0	13.0
0.038900000000000004	13.8	13.0
0.03892	14.0	13.0
0.03894	13.8	12.8
0.03896	13.600000000000001	12.8
0.03898	13.600000000000001	12.8
0.039	13.600000000000001	12.600000000000001
0.039020000000000006	13.600000000000001	12.600000000000001
0.039040000000000005	13.600000000000001	12.4
0.039060000000000004	13.4	12.4
0.039080000000000004	13.4	12.4
0.0391	13.200000000000001	12.4
0.03912	13.200000000000001	12.200000000000001
0.03914	13.0	12.200000000000001
0.03916	13.0	12.200000000000001
0.039180000000000006	13.0	12.200000000000001
0.039200000000000006	13.0	11.8
0.039220000000000005	12.8	12.0
0.039240000000000004	12.8	11.8
0.03926	12.600000000000001	11.8
0.03928	12.600000000000001	11.600000000000001
0.0393	12.600000000000001	11.600000000000001
0.03932	12.4	11.4
0.03934	12.4	11.4
0.039360000000000006	12.4	11.4
0.039380000000000005	12.200000000000001	11.200000000000001
0.039400000000000004	12.200000000000001	11.0
0.039420000000000004	12.0	11.0
0.03944	12.0	10.8
0.03946	11.8	10.8
0.03948	11.8	10.8
0.0395	11.600000000000001	10.600000000000001
0.039520000000000007	11.600000000000001	10.600000000000001
0.039540000000000006	11.4	10.600000000000001
0.039560000000000005	11.4	10.4
0.039580000000000004	11.4	10.4
0.0396	11.200000000000001	10.200000000000001
0.03962	11.0	10.0
0.03964	11.0	10.0
0.03966	11.0	10.0
0.03968	10.8	10.0
0.039700000000000006	10.8	9.8
0.039720000000000005	10.8	9.600000000000001
0.039740000000000004	10.600000000000001	9.600000000000001
0.039760000000000004	10.4	9.4
0.03978	10.4	9.4
0.0398	10.4	9.4
0.03982	10.200000000000001	9.200000000000001
0.03984	10.200000000000001	9.200000000000001
0.03986000000000001	10.0	9.200000000000001
0.039880000000000006	10.0	9.0
0.039900000000000005	9.8	9.0
0.039920000000000004	9.600000000000001	8.8
0.03994	9.600000000000001	8.8
0.03996	9.600000000000001	8.6
0.03998	9.200000000000001	8.6
0.04	9.200000000000001	8.4
0.04002	9.200000000000001	8.4
0.040040000000000006	9.200000000000001	8.200000000000001
0.040060000000000005	9.0	8.0
0.040080000000000005	9.0	8.0
0.040100000000000004	8.8	8.0
0.04012	8.8	7.800000000000001
0.04014	8.6	7.800000000000001
0.04016	8.6	7.6000000000000005
0.04018	8.4	7.4
0.04020000000000001	8.4	7.4
0.040220000000000006	8.200000000000001	7.4
0.040240000000000005	8.0	7.2
0.040260000000000004	8.0	7.0
0.04028	8.0	7.0
0.0403	7.800000000000001	7.0
0.04032	7.800000000000001	6.800000000000001
0.04034	7.6000000000000005	6.6000000000000005
0.04036	7.4	6.6000000000000005
0.040380000000000006	7.4	6.6000000000000005
0.040400000000000005	7.2	6.4
0.040420000000000005	7.2	6.2
0.040440000000000004	7.2	6.0
0.04046	6.800000000000001	6.0
0.04048	6.800000000000001	5.800000000000001
0.0405	6.6000000000000005	5.800000000000001
0.04052	6.6000000000000005	5.6000000000000005
0.04054000000000001	6.4	5.6000000000000005
0.040560000000000006	6.4	5.4
0.040580000000000005	6.2	5.2
0.040600000000000004	6.2	5.2
0.04062	6.0	5.0
0.04064	5.800000000000001	5.0
0.04066	5.6000000000000005	4.800000000000001
0.04068	5.6000000000000005	4.6000000000000005
0.0407	5.4	4.6000000000000005
0.040720000000000006	5.4	4.4
0.040740000000000005	5.2	4.4
0.040760000000000005	5.2	4.2
0.040780000000000004	5.0	4.2
0.0408	4.800000000000001	4.0
0.04082	4.6000000000000005	3.8000000000000003
0.04084	4.6000000000000005	3.8000000000000003
0.04086	4.6000000000000005	3.6
0.04088000000000001	4.4	3.4000000000000004
0.040900000000000006	4.2	3.4000000000000004
0.040920000000000005	4.2	3.2
0.040940000000000004	4.0	3.0
0.04096	3.8000000000000003	3.0
0.04098	3.8000000000000003	2.8000000000000003
0.041	3.6	2.8000000000000003
0.04102	3.4000000000000004	2.6
0.04104	3.4000000000000004	2.6
0.041060000000000006	3.2	2.4000000000000004
0.041080000000000005	3.0	2.2
0.041100000000000005	2.8000000000000003	2.0
0.041120000000000004	2.8000000000000003	1.8
0.04114	2.6	1.8
0.04116	2.6	1.6
0.04118	2.4000000000000004	1.6
0.0412	2.2	1.4000000000000001
0.04122000000000001	2.2	1.2000000000000002
0.041240000000000006	1.8	1.2000000000000002
0.041260000000000005	1.8	1.0
0.041280000000000004	1.6	0.8
0.0413	1.4000000000000001	0.6000000000000001
0.04132	1.4000000000000001	0.6000000000000001
0.04134	1.2000000000000002	0.4
0.04136	1.0	0.2
0.04138	1.0	0.2
0.041400000000000006	0.8	0.2
0.041420000000000005	0.8	0.0
0.041440000000000005	0.6000000000000001	0.0
0.041460000000000004	0.4	0.0
0.04148	0.2	0.0
0.0415	0.2	0.0
0.04152	0.2	0.0
0.04154	0.0	0.0
0.04156000000000001	-0.2	0.0
0.041580000000000006	-0.4	0.0
0.041600000000000005	-0.4	0.2
0.041620000000000004	-0.6000000000000001	0.2
0.04164	-0.6000000000000001	0.2
0.04166	-0.8	0.4
0.04168	-1.0	0.4
0.0417	-1.0	0.6000000000000001
0.04172	-1.2000000000000002	0.6000000000000001
0.041740000000000006	-1.4000000000000001	0.8
0.041760000000000005	-1.4000000000000001	0.8
0.041780000000000005	-1.6	1.0
0.041800000000000004	-1.6	1.0
0.04182	-1.8	1.2000000000000002
0.04184	-1.8	1.4000000000000001
0.04186	-2.0	1.4000000000000001
0.04188	-2.2	1.6
0.04190000000000001	-2.4000000000000004	1.6
0.041920000000000006	-2.2	1.6
0.041940000000000005	-2.2	1.8
0.041960000000000004	-2.4000000000000004	1.8
0.04198	-2.4000000000000004	1.8
0.042	-2.6	1.8
0.04202	-2.8000000000000003	2.2
0.04204	-3.0	2.2
0.04206	-3.2	2.4000000000000004
0.042080000000000006	-3.2	2.6
0.042100000000000005	-3.4000000000000004	2.6
0.042120000000000005	-3.4000000000000004	2.8000000000000003
0.042140000000000004	-3.4000000000000004	3.0
0.04216	-3.6	3.0
0.04218	-3.6	3.0
0.0422	-3.8000000000000003	3.2
0.04222	-3.8000000000000003	3.2
0.04224000000000001	-4.0	3.4000000000000004
0.042260000000000006	-4.0	3.4000000000000004
0.042280000000000005	-4.0	3.4000000000000004
0.042300000000000004	-4.2	3.6
0.04232	-4.2	3.4000000000000004
0.04234	-4.2	3.6
0.04236	-4.4	3.8000000000000003
0.04238	-4.4	4.0
0.0424	-4.6000000000000005	4.0
0.042420000000000006	-4.800000000000001	4.0
0.042440000000000005	-4.800000000000001	4.2
0.042460000000000005	-4.800000000000001	4.2
0.042480000000000004	-5.0	4.4
0.0425	-5.0	4.4
0.04252	-5.2	4.6000000000000005
0.04254	-5.2	4.6000000000000005
0.04256	-5.4	4.800000000000001
0.04258000000000001	-5.4	4.800000000000001
0.042600000000000006	-5.6000000000000005	5.0
0.042620000000000005	-5.6000000000000005	5.0
0.042640000000000004	-5.800000000000001	5.0
0.042660000000000003	-5.800000000000001	5.0
0.04268	-6.0	5.2
0.0427	-6.0	5.4
0.04272	-6.2	5.4
0.04274	-6.2	5.4
0.042760000000000006	-6.2	5.6000000000000005
0.042780000000000006	-6.4	5.6000000000000005
0.042800000000000005	-6.4	5.800000000000001
0.042820000000000004	-6.6000000000000005	6.0
0.04284	-6.6000000000000005	6.0
0.04286	-6.800000000000001	6.0
0.04288	-6.800000000000001	6.2
0.0429	-6.800000000000001	6.4
0.04292000000000001	-6.800000000000001	6.4
0.042940000000000006	-7.0	6.4
0.042960000000000005	-7.2	6.6000000000000005
0.042980000000000004	-7.2	6.6000000000000005
0.043000000000000003	-7.4	6.800000000000001
0.04302	-7.4	6.800000000000001
0.04304	-7.6000000000000005	7.0
0.04306	-7.6000000000000005	7.0
0.04308	-7.800000000000001	7.0
0.043100000000000006	-7.800000000000001	7.2
0.043120000000000006	-8.0	7.2
0.043140000000000005	-8.0	7.4
0.043160000000000004	-8.200000000000001	7.4
0.04318	-8.200000000000001	7.6000000000000005
0.0432	-8.4	7.800000000000001
0.04322	-8.6	7.800000000000001
0.04324	-8.6	7.800000000000001
0.04326000000000001	-8.6	8.0
0.043280000000000006	-8.8	8.200000000000001
0.043300000000000005	-8.8	8.200000000000001
0.043320000000000004	-9.0	8.4
0.043340000000000004	-9.0	8.4
0.04336	-9.200000000000001	8.6
0.04338	-9.4	8.6
0.0434	-9.4	8.8
0.04342	-9.600000000000001	8.8
0.043440000000000006	-9.600000000000001	9.0
0.043460000000000006	-9.600000000000001	9.200000000000001
0.043480000000000005	-9.8	9.200000000000001
0.043500000000000004	-10.0	9.4
0.04352	-10.0	9.4
0.04354	-10.200000000000001	9.600000000000001
0.04356	-10.200000000000001	9.600000000000001
0.04358	-10.4	9.8
0.04360000000000001	-10.600000000000001	9.8
0.043620000000000006	-10.600000000000001	10.0
0.043640000000000005	-10.600000000000001	10.0
0.043660000000000004	-10.8	10.0
0.043680000000000004	-10.8	10.0
0.0437	-11.0	10.200000000000001
0.04372	-11.0	10.4
0.04374	-11.200000000000001	10.600000000000001
0.04376	-11.4	10.600000000000001
0.043780000000000006	-11.4	10.8
0.043800000000000006	-11.4	10.8
0.043820000000000005	-11.600000000000001	10.8
0.043840000000000004	-11.8	11.0
0.04386	-11.8	11.0
0.04388	-11.8	11.200000000000001
0.0439	-12.0	11.4
0.04392	-12.0	11.4
0.04394000000000001	-12.200000000000001	11.4
0.043960000000000006	-12.200000000000001	11.600000000000001
0.043980000000000005	-12.4	11.600000000000001
0.044000000000000004	-12.4	11.8
0.044020000000000004	-12.4	11.8
0.04404	-12.600000000000001	12.0
0.04406	-12.600000000000001	12.0
0.04408	-12.8	12.200000000000001
0.0441	-13.0	12.200000000000001
0.044120000000000006	-13.0	12.200000000000001
0.044140000000000006	-13.200000000000001	12.4
0.044160000000000005	-13.200000000000001	12.600000000000001
0.044180000000000004	-13.200000000000001	12.600000000000001
0.0442	-13.4	12.600000000000001
0.04422	-13.4	12.8
0.04424	-13.600000000000001	13.0
0.04426	-13.600000000000001	13.0
0.04428000000000001	-13.8	13.0
0.044300000000000006	-13.8	13.200000000000001
0.044320000000000005	-14.0	13.200000000000001
0.044340000000000004	-14.0	13.200000000000001
0.044360000000000004	-14.0	13.4
0.04438	-14.200000000000001	13.4
0.0444	-14.0	13.4
0.04442	-14.200000000000001	13.600000000000001
0.04444	-14.200000000000001	13.600000000000001
0.044460000000000006	-14.4	13.600000000000001
0.044480000000000006	-14.4	13.600000000000001
0.044500000000000005	-14.4	13.600000000000001
0.044520000000000004	-14.4	13.8
0.04454	-14.600000000000001	13.8
0.04456	-14.600000000000001	13.8
0.04458	-14.600000000000001	13.8
0.0446	-14.600000000000001	13.8
0.04462000000000001	-14.600000000000001	13.8
0.044640000000000006	-14.600000000000001	14.0
0.044660000000000005	-14.600000000000001	14.0
0.044680000000000004	-14.600000000000001	14.0
0.044700000000000004	-14.8	14.0
0.04472	-14.8	14.0
0.04474	-14.8	14.0
0.04476	-14.8	14.0
0.04478	-14.8	14.200000000000001
0.044800000000000006	-15.0	14.200000000000001
0.044820000000000006	-14.8	14.200000000000001
0.044840000000000005	-14.8	14.200000000000001
0.044860000000000004	-15.0	14.0
0.04488	-15.0	14.200000000000001
0.0449	-15.0	14.200000000000001
0.04492	-15.0	14.200000000000001
0.04494	-15.0	14.200000000000001
0.04496000000000001	-15.0	14.200000000000001
0.044980000000000006	-15.0	14.200000000000001
0.045000000000000005	-15.0	14.200000000000001
0.045020000000000004	-15.0	14.200000000000001
0.045040000000000004	-15.0	14.200000000000001
0.04506	-15.0	14.200000000000001
0.04508	-15.0	14.200000000000001
0.0451	-15.0	14.200000000000001
0.04512	-15.0	14.200000000000001
0.045140000000000007	-15.0	14.200000000000001
0.045160000000000006	-15.0	14.200000000000001
0.045180000000000005	-15.200000000000001	14.4
0.045200000000000004	-15.200000000000001	14.200000000000001
0.04522	-15.0	14.4
0.04524	-15.0	14.4
0.04526	-15.200000000000001	14.200000000000001
0.04528	-15.200000000000001	14.4
0.04530000000000001	-15.200000000000001	14.4
0.045320000000000006	-15.200000000000001	14.4
0.045340000000000005	-15.200000000000001	14.4
0.045360000000000004	-15.200000000000001	14.4
0.045380000000000004	-15.200000000000001	14.4
0.0454	-15.200000000000001	14.4
0.04542	-15.200000000000001	14.4
0.04544	-15.200000000000001	14.4
0.04546	-15.200000000000001	14.4
0.04548000000000001	-15.200000000000001	14.4
0.045500000000000006	-15.200000000000001	14.4
0.045520000000000005	-15.200000000000001	14.4
0.045540000000000004	-15.200000000000001	14.4
0.04556	-15.200000000000001	14.4
0.04558	-15.200000000000001	14.600000000000001
0.0456	-15.200000000000001	14.4
0.04562	-15.200000000000001	14.4
0.04564000000000001	-15.4	14.600000000000001
0.045660000000000006	-15.200000000000001	14.600000000000001
0.045680000000000005	-15.200000000000001	14.4
0.045700000000000005	-15.200000000000001	14.4
0.045720000000000004	-15.200000000000001	14.600000000000001
0.04574	-15.200000000000001	14.4
0.04576	-15.4	14.600000000000001
0.04578	-15.200000000000001	14.600000000000001
0.0458	-15.200000000000001	14.4
0.04582000000000001	-15.4	14.600000000000001
0.045840000000000006	-15.4	14.600000000000001
0.045860000000000005	-15.4	14.600000000000001
0.045880000000000004	-15.4	14.600000000000001
0.0459	-15.200000000000001	14.600000000000001
0.04592	-15.200000000000001	14.600000000000001
0.04594	-15.200000000000001	14.600000000000001
0.04596	-15.4	14.600000000000001
0.04598000000000001	-15.4	14.600000000000001
0.046000000000000006	-15.4	14.600000000000001
0.046020000000000005	-15.4	14.600000000000001
0.046040000000000005	-15.4	14.600000000000001
0.046060000000000004	-15.4	14.600000000000001
0.04608	-15.4	14.600000000000001
0.0461	-15.200000000000001	14.600000000000001
0.04612	-15.4	14.600000000000001
0.04614	-15.4	14.600000000000001
0.04616000000000001	-15.4	14.600000000000001
0.046180000000000006	-15.4	14.600000000000001
0.046200000000000005	-15.4	14.8
0.046220000000000004	-15.4	14.600000000000001
0.04624	-15.4	14.600000000000001
0.04626	-15.4	14.600000000000001
0.04628	-15.4	14.600000000000001
0.0463	-15.4	14.600000000000001
0.04632000000000001	-15.4	14.600000000000001
0.046340000000000006	-15.4	14.8
0.046360000000000005	-15.4	14.600000000000001
0.046380000000000005	-15.4	14.600000000000001
0.046400000000000004	-15.4	14.600000000000001
0.04642	-15.4	14.600000000000001
0.04644	-15.4	14.600000000000001
0.04646	-15.4	14.600000000000001
0.04648	-15.4	14.600000000000001
0.04650000000000001	-15.600000000000001	14.600000000000001
0.046520000000000006	-15.600000000000001	14.600000000000001
0.046540000000000005	-15.4	14.600000000000001
0.046560000000000004	-15.4	14.8
0.04658	-15.4	14.600000000000001
0.0466	-15.600000000000001	14.600000000000001
0.04662	-15.4	14.600000000000001
0.04664	-15.4	14.600000000000001
0.04666000000000001	-15.4	14.600000000000001
0.046680000000000006	-15.4	14.600000000000001
0.046700000000000005	-15.4	14.600000000000001
0.046720000000000005	-15.4	14.600000000000001
0.046740000000000004	-15.4	14.600000000000001
0.04676	-15.4	14.4
0.04678	-15.200000000000001	14.600000000000001
0.0468	-15.200000000000001	14.600000000000001
0.04682	-15.200000000000001	14.600000000000001
0.04684000000000001	-15.200000000000001	14.4
0.046860000000000006	-15.200000000000001	14.4
0.046880000000000005	-15.200000000000001	14.4
0.046900000000000004	-15.200000000000001	14.200000000000001
0.04692	-15.0	14.200000000000001
0.04694	-14.8	14.0
0.04696	-14.8	14.0
0.04698	-14.8	14.0
0.04700000000000001	-14.600000000000001	13.8
0.047020000000000006	-14.4	13.8
0.047040000000000005	-14.4	13.8
0.047060000000000005	-14.4	13.600000000000001
0.047080000000000004	-14.200000000000001	13.600000000000001
0.0471	-14.200000000000001	13.4
0.04712	-14.0	13.4
0.04714	-14.0	13.200000000000001
0.04716	-14.0	13.200000000000001
0.04718000000000001	-13.8	13.200000000000001
0.047200000000000006	-13.8	13.0
0.047220000000000005	-13.8	13.0
0.047240000000000004	-13.8	13.0
0.04726	-13.600000000000001	13.0
0.04728	-13.600000000000001	12.8
0.0473	-13.600000000000001	12.8
0.04732	-13.4	12.600000000000001
0.04734000000000001	-13.4	12.600000000000001
0.047360000000000006	-13.4	12.600000000000001
0.047380000000000005	-13.200000000000001	12.600000000000001
0.047400000000000005	-13.200000000000001	12.4
0.047420000000000004	-13.200000000000001	12.4
0.04744	-13.0	12.200000000000001
0.04746	-13.0	12.200000000000001
0.04748	-13.0	12.200000000000001
0.0475	-12.8	12.200000000000001
0.04752000000000001	-12.8	12.0
0.047540000000000006	-12.8	12.0
0.047560000000000005	-12.600000000000001	11.8
0.047580000000000004	-12.600000000000001	11.8
0.0476	-12.4	11.8
0.04762	-12.4	11.8
0.04764	-12.4	11.600000000000001
0.04766	-12.200000000000001	11.600000000000001
0.04768000000000001	-12.200000000000001	11.600000000000001
0.047700000000000006	-12.0	11.4
0.047720000000000005	-12.0	11.200000000000001
0.047740000000000005	-12.0	11.200000000000001
0.047760000000000004	-11.8	11.0
0.04778	-11.8	11.0
0.0478	-11.600000000000001	10.8
0.04782	-11.600000000000001	10.8
0.04784	-11.4	10.600000000000001
0.04786000000000001	-11.4	10.600000000000001
0.047880000000000006	-11.4	10.4
0.047900000000000005	-11.200000000000001	10.4
0.047920000000000004	-11.200000000000001	10.4
0.04794	-11.0	10.200000000000001
0.04796	-10.8	10.200000000000001
0.04798	-10.8	10.0
0.048	-10.600000000000001	10.0
0.04802000000000001	-10.600000000000001	9.8
0.048040000000000006	-10.600000000000001	9.8
0.048060000000000005	-10.4	9.600000000000001
0.048080000000000005	-10.4	9.600000000000001
0.048100000000000004	-10.200000000000001	9.4
0.04812	-10.0	9.4
0.04814	-10.0	9.4
0.04816	-10.0	9.200000000000001
0.04818	-9.8	9.200000000000001
0.04820000000000001	-9.8	9.0
0.048220000000000006	-9.8	9.0
0.048240000000000005	-9.600000000000001	8.8
0.048260000000000004	-9.4	8.8
0.04828	-9.4	8.6
0.0483	-9.4	8.6
0.04832	-9.200000000000001	8.6
0.04834	-9.200000000000001	8.4
0.04836000000000001	-9.0	8.4
0.048380000000000006	-8.8	8.200000000000001
0.048400000000000006	-8.8	8.0
0.048420000000000005	-8.8	8.0
0.048440000000000004	-8.6	8.0
0.04846	-8.6	7.800000000000001
0.04848	-8.4	7.6000000000000005
0.0485	-8.4	7.6000000000000005
0.04852	-8.200000000000001	7.6000000000000005
0.04854000000000001	-8.200000000000001	7.4
0.048560000000000006	-8.0	7.2
0.048580000000000005	-8.0	7.0
0.048600000000000004	-7.800000000000001	7.0
0.048620000000000003	-7.6000000000000005	7.0
0.04864	-7.6000000000000005	7.0
0.04866	-7.4	6.800000000000001
0.04868	-7.2	6.800000000000001
0.04870000000000001	-7.2	6.6000000000000005
0.048720000000000006	-7.2	6.4
0.048740000000000006	-7.0	6.4
0.048760000000000005	-6.800000000000001	6.2
0.048780000000000004	-6.800000000000001	6.0
0.0488	-6.800000000000001	6.0
0.04882	-6.6000000000000005	5.800000000000001
0.04884	-6.4	5.800000000000001
0.04886	-6.4	5.6000000000000005
0.04888000000000001	-6.2	5.4
0.048900000000000006	-6.2	5.4
0.048920000000000005	-6.0	5.2
0.048940000000000004	-6.0	5.2
0.048960000000000004	-5.800000000000001	5.0
0.04898	-5.6000000000000005	5.0
0.049	-5.6000000000000005	4.800000000000001
0.04902	-5.4	4.800000000000001
0.04904000000000001	-5.2	4.6000000000000005
0.049060000000000006	-5.2	4.4
0.049080000000000006	-5.0	4.4
0.049100000000000005	-5.0	4.2
0.049120000000000004	-4.800000000000001	4.2
0.04914	-4.6000000000000005	4.0
0.04916	-4.6000000000000005	3.8000000000000003
0.04918	-4.4	3.6
0.0492	-4.4	3.6
0.04922000000000001	-4.2	3.4000000000000004
0.049240000000000006	-4.0	3.4000000000000004
0.049260000000000005	-4.0	3.2
0.049280000000000004	-3.8000000000000003	3.2
0.049300000000000004	-3.6	3.0
0.04932	-3.4000000000000004	2.8000000000000003
0.04934	-3.4000000000000004	2.6
0.04936	-3.2	2.6
0.04938000000000001	-3.0	2.4000000000000004
0.049400000000000006	-3.0	2.2
0.049420000000000006	-2.8000000000000003	2.2
0.049440000000000005	-2.6	2.0
0.049460000000000004	-2.6	1.8
0.04948	-2.4000000000000004	1.8
0.0495	-2.2	1.6
0.04952	-2.0	1.4000000000000001
0.04954	-2.0	1.4000000000000001
0.04956000000000001	-2.0	1.2000000000000002
0.049580000000000006	-1.6	1.2000000000000002
0.049600000000000005	-1.6	1.0
0.049620000000000004	-1.4000000000000001	0.8
0.049640000000000004	-1.2000000000000002	0.4
0.04966	-1.0	0.6000000000000001
0.04968	-1.0	0.4
0.0497	-0.8	0.2
0.04972000000000001	-0.8	0.2
0.049740000000000006	-0.6000000000000001	0.2
0.049760000000000006	-0.4	0.0
0.049780000000000005	-0.4	0.0
0.049800000000000004	-0.2	0.0
0.04982	0.0	0.0
0.04984	0.0	0.0
0.04986	0.0	0.0
0.04988	0.2	0.0
0.04990000000000001	0.4	0.0
0.049920000000000006	0.6000000000000001	0.0
0.049940000000000005	0.8	0.0
0.049960000000000004	0.8	0.2
0.049980000000000004	0.8	0.2
0.05	1.0	0.4
