,time (s),Channel 1 (V),Channel 2 (V)
0,-1.64e-05,4.16,3.72
1,-1.636e-05,4.16,3.72
2,-1.632e-05,4.16,3.72
3,-1.628e-05,4.16,3.72
4,-1.624e-05,4.16,3.72
5,-1.6199999999999997e-05,4.2,3.72
6,-1.6159999999999998e-05,4.16,3.72
7,-1.6119999999999998e-05,4.16,3.72
8,-1.608e-05,4.16,3.72
9,-1.604e-05,4.16,3.72
10,-1.6e-05,4.16,3.72
11,-1.596e-05,4.16,3.72
12,-1.592e-05,4.2,3.72
13,-1.588e-05,4.16,3.72
14,-1.5839999999999997e-05,4.16,3.72
15,-1.5799999999999998e-05,4.16,3.72
16,-1.5759999999999998e-05,4.16,3.72
17,-1.572e-05,4.2,3.72
18,-1.568e-05,4.16,3.72
19,-1.564e-05,4.2,3.72
20,-1.56e-05,4.16,3.72
21,-1.556e-05,4.16,3.72
22,-1.552e-05,4.16,3.72
23,-1.5479999999999997e-05,4.16,3.72
24,-1.5439999999999998e-05,4.2,3.72
25,-1.5399999999999998e-05,4.16,3.72
26,-1.536e-05,4.16,3.72
27,-1.532e-05,4.16,3.72
28,-1.528e-05,4.16,3.72
29,-1.5239999999999998e-05,4.16,3.72
30,-1.5199999999999998e-05,4.16,3.72
31,-1.5159999999999999e-05,4.2,3.72
32,-1.512e-05,4.16,3.72
33,-1.5079999999999998e-05,4.16,3.72
34,-1.5039999999999998e-05,4.16,3.72
35,-1.4999999999999999e-05,4.16,3.72
36,-1.4959999999999999e-05,4.16,3.72
37,-1.492e-05,4.16,3.72
38,-1.4879999999999998e-05,4.16,3.72
39,-1.4839999999999999e-05,4.16,3.72
40,-1.4799999999999999e-05,4.16,3.72
41,-1.476e-05,4.16,3.72
42,-1.4719999999999998e-05,4.16,3.72
43,-1.4679999999999998e-05,4.2,3.72
44,-1.4639999999999999e-05,4.16,3.72
45,-1.4599999999999999e-05,4.16,3.72
46,-1.456e-05,4.16,3.72
47,-1.4519999999999998e-05,4.16,3.72
48,-1.4479999999999999e-05,4.16,3.72
49,-1.4439999999999999e-05,4.16,3.72
50,-1.44e-05,4.2,3.72
51,-1.4359999999999998e-05,4.16,3.72
52,-1.4319999999999998e-05,4.2,3.72
53,-1.4279999999999999e-05,4.16,3.72
54,-1.424e-05,4.2,3.72
55,-1.42e-05,4.16,3.72
56,-1.4159999999999998e-05,4.16,3.72
57,-1.4119999999999999e-05,4.16,3.72
58,-1.4079999999999999e-05,4.16,3.72
59,-1.404e-05,4.16,3.72
60,-1.3999999999999998e-05,4.16,3.72
61,-1.3959999999999998e-05,4.2,3.72
62,-1.3919999999999999e-05,4.16,3.72
63,-1.388e-05,4.2,3.72
64,-1.384e-05,4.2,3.72
65,-1.3799999999999998e-05,4.16,3.72
66,-1.3759999999999999e-05,4.16,3.72
67,-1.3719999999999999e-05,4.16,3.72
68,-1.3679999999999998e-05,4.2,3.72
69,-1.3639999999999998e-05,4.16,3.72
70,-1.3599999999999999e-05,4.16,3.72
71,-1.3559999999999999e-05,4.16,3.72
72,-1.352e-05,4.16,3.72
73,-1.348e-05,4.16,3.72
74,-1.3439999999999998e-05,4.16,3.72
75,-1.3399999999999999e-05,4.16,3.72
76,-1.3359999999999999e-05,4.16,3.72
77,-1.3319999999999998e-05,4.16,3.72
78,-1.3279999999999998e-05,4.16,3.72
79,-1.3239999999999999e-05,4.16,3.72
80,-1.3199999999999999e-05,4.16,3.72
81,-1.316e-05,4.16,3.72
82,-1.312e-05,4.2,3.72
83,-1.3079999999999998e-05,4.2,3.72
84,-1.3039999999999999e-05,4.16,3.72
85,-1.3e-05,4.2,3.72
86,-1.2959999999999998e-05,4.16,3.72
87,-1.2919999999999998e-05,4.2,3.72
88,-1.2879999999999999e-05,4.16,3.72
89,-1.2839999999999999e-05,4.16,3.72
90,-1.28e-05,4.2,3.72
91,-1.276e-05,4.16,3.72
92,-1.2719999999999998e-05,4.16,3.72
93,-1.2679999999999999e-05,4.16,3.72
94,-1.264e-05,4.2,3.72
95,-1.2599999999999998e-05,4.16,3.72
96,-1.2559999999999998e-05,4.2,3.72
97,-1.2519999999999999e-05,4.2,3.72
98,-1.2479999999999999e-05,4.16,3.72
99,-1.244e-05,4.16,3.72
100,-1.24e-05,4.16,3.72
101,-1.2359999999999999e-05,4.2,3.72
102,-1.2319999999999999e-05,4.16,3.72
103,-1.2279999999999998e-05,4.2,3.72
104,-1.2239999999999998e-05,4.2,3.72
105,-1.2199999999999998e-05,4.16,3.72
106,-1.2159999999999999e-05,4.2,3.72
107,-1.212e-05,4.16,3.72
108,-1.208e-05,4.16,3.72
109,-1.204e-05,4.2,3.72
110,-1.1999999999999999e-05,4.16,3.72
111,-1.1959999999999999e-05,4.2,3.72
112,-1.1919999999999998e-05,4.16,3.72
113,-1.1879999999999998e-05,4.2,3.72
114,-1.1839999999999998e-05,4.16,3.72
115,-1.1799999999999999e-05,4.16,3.72
116,-1.176e-05,4.2,3.72
117,-1.172e-05,4.16,3.72
118,-1.168e-05,4.2,3.72
119,-1.1639999999999999e-05,4.16,3.72
120,-1.1599999999999999e-05,4.2,3.72
121,-1.1559999999999998e-05,4.16,3.72
122,-1.1519999999999998e-05,4.16,3.72
123,-1.1479999999999999e-05,4.2,3.72
124,-1.1439999999999999e-05,4.16,3.72
125,-1.14e-05,4.2,3.72
126,-1.136e-05,4.16,3.72
127,-1.1319999999999998e-05,4.16,3.72
128,-1.1279999999999999e-05,4.16,3.72
129,-1.1239999999999999e-05,4.16,3.72
130,-1.1199999999999998e-05,4.2,3.72
131,-1.1159999999999998e-05,4.16,3.72
132,-1.1119999999999999e-05,4.2,3.72
133,-1.1079999999999999e-05,4.16,3.72
134,-1.104e-05,4.2,3.72
135,-1.1e-05,4.16,3.72
136,-1.0959999999999998e-05,4.16,3.72
137,-1.0919999999999999e-05,4.2,3.72
138,-1.0879999999999997e-05,4.16,3.72
139,-1.0839999999999998e-05,4.16,3.72
140,-1.0799999999999998e-05,4.16,3.72
141,-1.0759999999999999e-05,4.16,3.72
142,-1.0719999999999999e-05,4.2,3.72
143,-1.068e-05,4.2,3.72
144,-1.064e-05,4.2,3.72
145,-1.0599999999999998e-05,4.16,3.72
146,-1.0559999999999999e-05,4.2,3.72
147,-1.0519999999999998e-05,4.16,3.72
148,-1.0479999999999998e-05,4.16,3.72
149,-1.0439999999999998e-05,4.16,3.72
150,-1.0399999999999999e-05,4.16,3.72
151,-1.0359999999999999e-05,4.2,3.72
152,-1.032e-05,4.16,3.72
153,-1.028e-05,4.2,3.72
154,-1.0239999999999999e-05,4.16,3.72
155,-1.0199999999999999e-05,4.16,3.72
156,-1.0159999999999998e-05,4.2,3.72
157,-1.0119999999999998e-05,4.16,3.72
158,-1.0079999999999998e-05,4.2,3.72
159,-1.0039999999999999e-05,4.16,3.72
160,-9.999999999999999e-06,4.16,3.72
161,-9.96e-06,4.16,3.72
162,-9.92e-06,4.2,3.72
163,-9.879999999999999e-06,4.16,3.72
164,-9.839999999999999e-06,4.16,3.72
165,-9.799999999999998e-06,4.2,3.72
166,-9.759999999999998e-06,4.16,3.72
167,-9.719999999999998e-06,4.16,3.72
168,-9.679999999999999e-06,4.16,3.72
169,-9.64e-06,4.16,3.72
170,-9.6e-06,4.2,3.72
171,-9.56e-06,4.16,3.72
172,-9.519999999999999e-06,4.16,3.72
173,-9.479999999999999e-06,4.16,3.72
174,-9.439999999999998e-06,4.16,3.72
175,-9.399999999999998e-06,4.16,3.72
176,-9.359999999999998e-06,4.16,3.72
177,-9.319999999999999e-06,4.2,3.72
178,-9.28e-06,4.16,3.72
179,-9.24e-06,4.2,3.72
180,-9.199999999999998e-06,4.16,3.72
181,-9.159999999999999e-06,4.16,3.72
182,-9.119999999999999e-06,4.2,3.72
183,-9.079999999999998e-06,4.16,3.72
184,-9.039999999999998e-06,4.2,3.72
185,-8.999999999999999e-06,4.16,3.72
186,-8.959999999999999e-06,4.16,3.72
187,-8.92e-06,4.16,3.72
188,-8.88e-06,4.16,3.72
189,-8.839999999999998e-06,4.2,3.72
190,-8.799999999999999e-06,4.16,3.72
191,-8.759999999999999e-06,4.16,3.72
192,-8.719999999999998e-06,4.16,3.72
193,-8.679999999999998e-06,4.16,3.72
194,-8.639999999999999e-06,4.16,3.72
195,-8.599999999999999e-06,4.16,3.72
196,-8.56e-06,4.2,3.72
197,-8.519999999999998e-06,4.16,3.72
198,-8.479999999999998e-06,4.2,3.72
199,-8.439999999999999e-06,4.16,3.72
200,-8.4e-06,4.2,3.72
201,-8.359999999999998e-06,4.2,3.72
202,-8.319999999999998e-06,4.2,3.72
203,-8.279999999999999e-06,4.2,3.72
204,-8.239999999999999e-06,4.16,3.72
205,-8.2e-06,4.2,3.72
206,-8.159999999999998e-06,4.16,3.72
207,-8.119999999999998e-06,4.16,3.72
208,-8.079999999999999e-06,4.16,3.72
209,-8.04e-06,4.2,3.72
210,-7.999999999999998e-06,4.2,3.72
211,-7.959999999999998e-06,4.16,3.72
212,-7.919999999999999e-06,4.2,3.72
213,-7.879999999999999e-06,4.16,3.72
214,-7.84e-06,4.2,3.72
215,-7.799999999999998e-06,4.2,3.72
216,-7.759999999999999e-06,4.16,3.72
217,-7.719999999999999e-06,4.2,3.72
218,-7.68e-06,4.16,3.72
219,-7.639999999999998e-06,4.16,3.72
220,-7.599999999999998e-06,4.16,3.72
221,-7.559999999999999e-06,4.2,3.72
222,-7.519999999999999e-06,4.2,3.72
223,-7.479999999999998e-06,4.16,3.72
224,-7.439999999999998e-06,4.16,3.72
225,-7.399999999999999e-06,4.16,3.72
226,-7.359999999999999e-06,4.16,3.72
227,-7.319999999999999e-06,4.16,3.72
228,-7.279999999999998e-06,4.16,3.72
229,-7.2399999999999984e-06,4.2,3.72
230,-7.199999999999999e-06,4.16,3.72
231,-7.159999999999999e-06,4.16,3.72
232,-7.119999999999998e-06,4.16,3.72
233,-7.079999999999998e-06,4.2,3.72
234,-7.039999999999999e-06,4.16,3.72
235,-6.999999999999999e-06,4.16,3.72
236,-6.9599999999999994e-06,4.2,3.72
237,-6.919999999999998e-06,4.16,3.72
238,-6.8799999999999985e-06,4.2,3.72
239,-6.839999999999999e-06,4.16,3.72
240,-6.799999999999999e-06,4.16,3.72
241,-6.759999999999998e-06,4.16,3.72
242,-6.719999999999998e-06,4.16,3.72
243,-6.679999999999999e-06,4.16,3.72
244,-6.639999999999999e-06,4.16,3.72
245,-6.599999999999998e-06,4.16,3.72
246,-6.559999999999998e-06,4.16,3.72
247,-6.5199999999999986e-06,4.16,3.72
248,-6.479999999999999e-06,4.16,3.72
249,-6.439999999999999e-06,4.16,3.72
250,-6.399999999999998e-06,4.16,3.72
251,-6.359999999999998e-06,4.16,3.72
252,-6.319999999999999e-06,4.16,3.72
253,-6.279999999999999e-06,4.16,3.72
254,-6.239999999999998e-06,4.16,3.72
255,-6.199999999999998e-06,4.16,3.72
256,-6.159999999999999e-06,4.16,3.72
257,-6.119999999999999e-06,4.16,3.72
258,-6.079999999999999e-06,4.16,3.72
259,-6.039999999999998e-06,4.16,3.72
260,-5.9999999999999985e-06,4.16,3.72
261,-5.959999999999999e-06,4.16,3.72
262,-5.919999999999999e-06,4.16,3.72
263,-5.879999999999998e-06,4.16,3.72
264,-5.839999999999998e-06,4.16,3.72
265,-5.799999999999999e-06,4.16,3.72
266,-5.759999999999999e-06,4.16,3.72
267,-5.7199999999999994e-06,4.16,3.72
268,-5.679999999999998e-06,4.16,3.72
269,-5.6399999999999985e-06,4.16,3.72
270,-5.599999999999999e-06,4.16,3.72
271,-5.559999999999999e-06,4.16,3.72
272,-5.519999999999998e-06,4.16,3.72
273,-5.479999999999998e-06,4.16,3.72
274,-5.439999999999999e-06,4.16,3.72
275,-5.399999999999999e-06,4.16,3.72
276,-5.359999999999998e-06,4.16,3.72
277,-5.319999999999998e-06,4.16,3.72
278,-5.2799999999999986e-06,4.16,3.72
279,-5.239999999999999e-06,4.16,3.72
280,-5.199999999999999e-06,4.16,3.72
281,-5.159999999999998e-06,4.16,3.72
282,-5.119999999999998e-06,4.16,3.72
283,-5.079999999999999e-06,4.16,3.72
284,-5.039999999999999e-06,4.16,3.72
285,-4.999999999999998e-06,4.16,3.72
286,-4.959999999999998e-06,4.16,3.72
287,-4.919999999999999e-06,4.16,3.72
288,-4.879999999999999e-06,4.16,3.72
289,-4.839999999999999e-06,4.16,3.72
290,-4.799999999999998e-06,4.16,3.72
291,-4.7599999999999985e-06,4.16,3.72
292,-4.719999999999999e-06,4.16,3.72
293,-4.679999999999999e-06,4.16,3.72
294,-4.639999999999998e-06,4.16,3.72
295,-4.599999999999998e-06,4.16,3.72
296,-4.559999999999999e-06,4.16,3.72
297,-4.519999999999999e-06,4.16,3.72
298,-4.479999999999998e-06,4.16,3.72
299,-4.439999999999998e-06,4.16,3.72
300,-4.3999999999999985e-06,4.16,3.72
301,-4.359999999999999e-06,4.16,3.72
302,-4.319999999999999e-06,4.16,3.72
303,-4.279999999999998e-06,4.16,3.72
304,-4.239999999999998e-06,4.16,3.72
305,-4.199999999999999e-06,4.16,3.68
306,-4.159999999999999e-06,4.16,3.72
307,-4.119999999999998e-06,4.16,3.72
308,-4.079999999999998e-06,4.16,3.72
309,-4.039999999999999e-06,4.16,3.72
310,-3.999999999999999e-06,4.16,3.68
311,-3.959999999999999e-06,4.16,3.68
312,-3.919999999999998e-06,4.16,3.68
313,-3.8799999999999984e-06,4.16,3.68
314,-3.839999999999999e-06,4.16,3.68
315,-3.799999999999999e-06,4.16,3.68
316,-3.759999999999998e-06,4.16,3.68
317,-3.7199999999999983e-06,4.16,3.68
318,-3.6799999999999986e-06,4.16,3.68
319,-3.639999999999999e-06,4.16,3.68
320,-3.5999999999999994e-06,4.16,3.68
321,-3.559999999999998e-06,4.16,3.68
322,-3.5199999999999985e-06,4.16,3.68
323,-3.479999999999999e-06,4.16,3.68
324,-3.4399999999999993e-06,4.16,3.68
325,-3.399999999999998e-06,4.16,3.68
326,-3.3599999999999983e-06,4.16,3.68
327,-3.3199999999999987e-06,4.16,3.68
328,-3.279999999999999e-06,4.16,3.68
329,-3.2399999999999978e-06,4.16,3.68
330,-3.199999999999998e-06,4.16,3.68
331,-3.1599999999999985e-06,4.16,3.68
332,-3.119999999999999e-06,4.12,3.68
333,-3.0799999999999993e-06,1.28,1.32
334,-3.039999999999998e-06,-1.84,-1.68
335,-2.9999999999999984e-06,-1.84,-2.0
336,-2.9599999999999988e-06,-1.84,-2.2
337,-2.919999999999999e-06,-1.84,-2.24
338,-2.879999999999998e-06,-1.84,-2.2800000000000002
339,-2.8399999999999982e-06,-1.84,-2.2800000000000002
340,-2.7999999999999986e-06,-1.84,-2.2800000000000002
341,-2.759999999999999e-06,-1.84,-2.2800000000000002
342,-2.7199999999999994e-06,-1.84,-2.32
343,-2.679999999999998e-06,-1.84,-2.32
344,-2.6399999999999984e-06,-1.84,-2.32
345,-2.599999999999999e-06,-1.84,-2.32
346,-2.559999999999999e-06,-1.84,-2.32
347,-2.519999999999998e-06,-1.84,-2.32
348,-2.4799999999999983e-06,-1.84,-2.32
349,-2.4399999999999987e-06,-1.84,-2.32
350,-2.399999999999999e-06,-1.84,-2.32
351,-2.3599999999999977e-06,-1.84,-2.32
352,-2.319999999999998e-06,-1.84,-2.32
353,-2.2799999999999985e-06,-1.84,-2.32
354,-2.239999999999999e-06,-1.84,-2.32
355,-2.1999999999999993e-06,-1.84,-2.32
356,-2.159999999999998e-06,-1.84,-2.32
357,-2.1199999999999983e-06,-1.84,-2.32
358,-2.0799999999999987e-06,-1.84,-2.32
359,-2.039999999999999e-06,-1.84,-2.32
360,-1.999999999999998e-06,-1.84,-2.32
361,-1.959999999999998e-06,-1.84,-2.32
362,-1.9199999999999986e-06,-1.84,-2.32
363,-1.879999999999999e-06,-1.84,-2.32
364,-1.8399999999999993e-06,-1.84,-2.32
365,-1.799999999999998e-06,-1.84,-2.2800000000000002
366,-1.7599999999999984e-06,-1.84,-2.32
367,-1.7199999999999988e-06,-1.84,-2.2800000000000002
368,-1.6799999999999992e-06,-1.84,-2.2800000000000002
369,-1.6399999999999979e-06,-1.84,-2.2800000000000002
370,-1.5999999999999982e-06,-1.84,-2.2800000000000002
371,-1.5599999999999986e-06,-1.84,-2.2800000000000002
372,-1.519999999999999e-06,-1.84,-2.2800000000000002
373,-1.4799999999999977e-06,-1.84,-2.2800000000000002
374,-1.439999999999998e-06,-1.84,-2.2800000000000002
375,-1.3999999999999985e-06,-1.84,-2.2800000000000002
376,-1.3599999999999988e-06,-1.84,-2.2800000000000002
377,-1.3199999999999992e-06,-1.84,-2.2800000000000002
378,-1.279999999999998e-06,-1.84,-2.2800000000000002
379,-1.2399999999999983e-06,-1.84,-2.2800000000000002
380,-1.1999999999999987e-06,-1.84,-2.2800000000000002
381,-1.159999999999999e-06,-1.84,-2.2800000000000002
382,-1.1199999999999994e-06,-1.84,-2.2800000000000002
383,-1.0799999999999998e-06,-1.84,-2.2800000000000002
384,-1.0399999999999968e-06,-1.84,-2.2800000000000002
385,-9.999999999999972e-07,-1.84,-2.2800000000000002
386,-9.599999999999976e-07,-1.84,-2.2800000000000002
387,-9.19999999999998e-07,-1.8800000000000001,-2.2800000000000002
388,-8.799999999999984e-07,-1.8800000000000001,-2.2800000000000002
389,-8.399999999999987e-07,-1.8800000000000001,-2.2800000000000002
390,-7.999999999999991e-07,-1.84,-2.2800000000000002
391,-7.599999999999995e-07,-1.84,-2.2800000000000002
392,-7.199999999999999e-07,-1.8800000000000001,-2.2800000000000002
393,-6.799999999999969e-07,-1.8800000000000001,-2.2800000000000002
394,-6.399999999999973e-07,-1.8800000000000001,-2.2800000000000002
395,-5.999999999999976e-07,-1.8800000000000001,-2.2800000000000002
396,-5.59999999999998e-07,-1.8800000000000001,-2.2800000000000002
397,-5.199999999999984e-07,-1.8800000000000001,-2.2800000000000002
398,-4.799999999999988e-07,-1.8800000000000001,-2.2800000000000002
399,-4.399999999999992e-07,-1.8800000000000001,-2.2800000000000002
400,-3.9999999999999956e-07,-1.8800000000000001,-2.2800000000000002
401,-3.5999999999999994e-07,-1.8800000000000001,-2.2800000000000002
402,-3.1999999999999694e-07,-1.8800000000000001,-2.2800000000000002
403,-2.799999999999973e-07,-1.8800000000000001,-2.2800000000000002
404,-2.399999999999977e-07,-1.8800000000000001,-2.2800000000000002
405,-1.9999999999999809e-07,-1.8800000000000001,-2.2800000000000002
406,-1.5999999999999847e-07,-1.8800000000000001,-2.2800000000000002
407,-1.1999999999999885e-07,-1.8800000000000001,-2.2800000000000002
408,-7.999999999999923e-08,-1.8800000000000001,-2.2800000000000002
409,-3.999999999999962e-08,-1.8800000000000001,-2.2800000000000002
410,0.0,-1.8800000000000001,-2.2800000000000002
411,4.0000000000003005e-08,-1.8800000000000001,-2.2800000000000002
412,8.000000000000262e-08,-1.8800000000000001,-2.2800000000000002
413,1.2000000000000224e-07,-1.8800000000000001,-2.2800000000000002
414,1.6000000000000186e-07,-1.8800000000000001,-2.2800000000000002
415,2.0000000000000147e-07,-1.8800000000000001,-2.2800000000000002
416,2.400000000000011e-07,-1.8800000000000001,-2.2800000000000002
417,2.800000000000007e-07,-1.8800000000000001,-2.2800000000000002
418,3.200000000000003e-07,-1.8800000000000001,-2.2800000000000002
419,3.5999999999999994e-07,-1.8800000000000001,-2.2800000000000002
420,4.0000000000000295e-07,-1.8800000000000001,-2.2800000000000002
421,4.4000000000000256e-07,-1.8800000000000001,-2.2800000000000002
422,4.800000000000022e-07,-1.8800000000000001,-2.2800000000000002
423,5.200000000000018e-07,-1.8800000000000001,-2.2800000000000002
424,5.600000000000014e-07,-1.8800000000000001,-2.24
425,6.00000000000001e-07,-1.8800000000000001,-2.2800000000000002
426,6.400000000000006e-07,-1.8800000000000001,-2.24
427,6.800000000000003e-07,-1.8800000000000001,-2.24
428,7.199999999999999e-07,-1.8800000000000001,-2.24
429,7.600000000000029e-07,-1.8800000000000001,-2.24
430,8.000000000000025e-07,-1.8800000000000001,-2.24
431,8.400000000000021e-07,-1.8800000000000001,-2.24
432,8.800000000000017e-07,-1.8800000000000001,-2.24
433,9.200000000000014e-07,-1.8800000000000001,-2.24
434,9.60000000000001e-07,-1.8800000000000001,-2.24
435,1.0000000000000006e-06,-1.8800000000000001,-2.24
436,1.0400000000000002e-06,-1.8800000000000001,-2.24
437,1.0800000000000032e-06,-1.8800000000000001,-2.24
438,1.1200000000000028e-06,-1.8800000000000001,-2.24
439,1.1600000000000024e-06,-1.8800000000000001,-2.24
440,1.200000000000002e-06,-1.8800000000000001,-2.24
441,1.2400000000000017e-06,-1.8800000000000001,-2.24
442,1.2800000000000013e-06,-1.8800000000000001,-2.24
443,1.320000000000001e-06,-1.8800000000000001,-2.24
444,1.3600000000000005e-06,-1.8800000000000001,-2.24
445,1.4000000000000001e-06,-1.8800000000000001,-2.24
446,1.4400000000000032e-06,-1.8800000000000001,-2.24
447,1.4800000000000028e-06,-1.8800000000000001,-2.24
448,1.5200000000000024e-06,-1.8800000000000001,-2.2
449,1.560000000000002e-06,-1.8800000000000001,-2.2
450,1.6000000000000016e-06,-1.8800000000000001,-2.2
451,1.6400000000000012e-06,-1.8800000000000001,-2.2
452,1.6800000000000009e-06,-1.8800000000000001,-2.2
453,1.7200000000000005e-06,-1.8800000000000001,-2.2
454,1.76e-06,-1.8800000000000001,-2.2
455,1.800000000000003e-06,-1.8800000000000001,-2.2
456,1.8400000000000027e-06,-1.8800000000000001,-2.2
457,1.8800000000000023e-06,-1.8800000000000001,-2.16
458,1.920000000000002e-06,-1.8800000000000001,-2.16
459,1.9600000000000016e-06,-1.8800000000000001,-2.16
460,2.000000000000001e-06,-1.8800000000000001,-2.16
461,2.040000000000001e-06,-1.8800000000000001,-2.16
462,2.0800000000000004e-06,-1.8800000000000001,-2.12
463,2.12e-06,-1.8800000000000001,-2.12
464,2.160000000000003e-06,-1.8800000000000001,-2.12
465,2.2000000000000027e-06,-1.8800000000000001,-2.12
466,2.2400000000000023e-06,-1.8800000000000001,-2.08
467,2.280000000000002e-06,-1.8800000000000001,-2.08
468,2.3200000000000015e-06,-1.8800000000000001,-2.08
469,2.360000000000001e-06,-1.8800000000000001,-2.08
470,2.4000000000000007e-06,-1.8800000000000001,-2.04
471,2.4400000000000004e-06,-1.8800000000000001,-2.04
472,2.48e-06,-1.8800000000000001,-2.04
473,2.520000000000003e-06,-1.8800000000000001,-2.0
474,2.5600000000000026e-06,-1.8800000000000001,-2.0
475,2.600000000000002e-06,-1.8800000000000001,-2.0
476,2.640000000000002e-06,-1.8800000000000001,-1.96
477,2.6800000000000014e-06,-1.8800000000000001,-1.96
478,2.720000000000001e-06,-1.8800000000000001,-1.96
479,2.7600000000000007e-06,-1.8800000000000001,-1.92
480,2.8000000000000003e-06,-1.8800000000000001,-1.92
481,2.84e-06,-1.8800000000000001,-1.92
482,2.880000000000003e-06,-1.8800000000000001,-1.8800000000000001
483,2.9200000000000025e-06,-1.8800000000000001,-1.8800000000000001
484,2.960000000000002e-06,-1.8800000000000001,-1.8800000000000001
485,3.0000000000000018e-06,-1.8800000000000001,-1.84
486,3.0400000000000014e-06,-1.8800000000000001,-1.84
487,3.080000000000001e-06,-1.8800000000000001,-1.84
488,3.1200000000000006e-06,-1.8800000000000001,-1.8
489,3.1600000000000002e-06,-1.8800000000000001,-1.8
490,3.2000000000000032e-06,-1.8800000000000001,-1.8
491,3.240000000000003e-06,-1.8800000000000001,-1.8
492,3.2800000000000025e-06,-1.8800000000000001,-1.76
493,3.320000000000002e-06,-1.8800000000000001,-1.76
494,3.3600000000000017e-06,-1.8800000000000001,-1.72
495,3.4000000000000013e-06,-1.8800000000000001,-1.72
496,3.440000000000001e-06,-1.8800000000000001,-1.72
497,3.4800000000000006e-06,-1.8800000000000001,-1.68
498,3.52e-06,-1.8800000000000001,-1.68
499,3.560000000000003e-06,-1.8800000000000001,-1.68
500,3.600000000000003e-06,-1.8800000000000001,-1.68
501,3.6400000000000024e-06,-1.8800000000000001,-1.6400000000000001
502,3.680000000000002e-06,-1.8800000000000001,-1.6400000000000001
503,3.7200000000000017e-06,-1.8800000000000001,-1.6400000000000001
504,3.7600000000000013e-06,-1.8800000000000001,-1.6
505,3.800000000000001e-06,-1.8800000000000001,-1.6
506,3.8400000000000005e-06,-1.8800000000000001,-1.6
507,3.88e-06,-1.8800000000000001,-1.56
508,3.920000000000003e-06,-1.8800000000000001,-1.56
509,3.960000000000003e-06,-1.8800000000000001,-1.56
510,4.000000000000002e-06,-1.8800000000000001,-1.52
511,4.040000000000002e-06,-1.8800000000000001,-1.52
512,4.080000000000002e-06,-1.8800000000000001,-1.52
513,4.120000000000001e-06,-1.8800000000000001,-1.48
514,4.160000000000001e-06,-1.8800000000000001,-1.48
515,4.2000000000000004e-06,-1.8800000000000001,-1.48
516,4.24e-06,-1.8800000000000001,-1.44
517,4.280000000000003e-06,-1.8800000000000001,-1.44
518,4.320000000000003e-06,-1.8800000000000001,-1.44
519,4.360000000000002e-06,-1.8800000000000001,-1.44
520,4.400000000000002e-06,-1.8800000000000001,-1.4000000000000001
521,4.4400000000000015e-06,-1.8800000000000001,-1.4000000000000001
522,4.480000000000001e-06,-1.8800000000000001,-1.4000000000000001
523,4.520000000000001e-06,-1.8800000000000001,-1.36
524,4.56e-06,-1.8800000000000001,-1.36
525,4.6e-06,-1.8800000000000001,-1.36
526,4.640000000000003e-06,-1.8800000000000001,-1.36
527,4.680000000000003e-06,-1.8800000000000001,-1.32
528,4.720000000000002e-06,-1.8800000000000001,-1.32
529,4.760000000000002e-06,-1.8800000000000001,-1.32
530,4.8000000000000015e-06,-1.8800000000000001,-1.28
531,4.840000000000001e-06,-1.8800000000000001,-1.28
532,4.880000000000001e-06,-1.8800000000000001,-1.28
533,4.92e-06,-1.8800000000000001,-1.28
534,4.96e-06,-1.8800000000000001,-1.24
535,5.000000000000003e-06,-1.8800000000000001,-1.24
536,5.0400000000000026e-06,-1.8800000000000001,-1.24
537,5.080000000000002e-06,-1.8800000000000001,-1.2
538,5.120000000000002e-06,-1.8800000000000001,-1.2
539,5.160000000000001e-06,-1.8800000000000001,-1.2
540,5.200000000000001e-06,-1.8800000000000001,-1.2
541,5.240000000000001e-06,-1.8800000000000001,-1.16
542,5.28e-06,-1.8800000000000001,-1.16
543,5.320000000000003e-06,-1.8800000000000001,-1.16
544,5.360000000000003e-06,-1.8800000000000001,-1.16
545,5.4000000000000025e-06,-1.8800000000000001,-1.12
546,5.440000000000002e-06,-1.8800000000000001,-1.12
547,5.480000000000002e-06,-1.8800000000000001,-1.12
548,5.520000000000001e-06,-1.8800000000000001,-1.08
549,5.560000000000001e-06,-1.8800000000000001,-1.08
550,5.600000000000001e-06,-1.8800000000000001,-1.08
551,5.64e-06,-1.8800000000000001,-1.08
552,5.680000000000003e-06,-1.8800000000000001,-1.04
553,5.720000000000003e-06,-1.8800000000000001,-1.04
554,5.7600000000000024e-06,-1.8800000000000001,-1.04
555,5.800000000000002e-06,-1.8800000000000001,-1.04
556,5.840000000000002e-06,-1.8800000000000001,-1.0
557,5.880000000000001e-06,-1.8800000000000001,-1.0
558,5.920000000000001e-06,-1.8800000000000001,-1.0
559,5.9600000000000005e-06,-1.8800000000000001,-1.0
560,6e-06,-1.8800000000000001,-1.0
561,6.040000000000003e-06,-1.8800000000000001,-0.96
562,6.080000000000003e-06,-1.8800000000000001,-0.96
563,6.120000000000002e-06,-1.8800000000000001,-0.96
564,6.160000000000002e-06,-1.8800000000000001,-0.96
565,6.200000000000002e-06,-1.8800000000000001,-0.92
566,6.240000000000001e-06,-1.8800000000000001,-0.92
567,6.280000000000001e-06,-1.8800000000000001,-0.92
568,6.3200000000000005e-06,-1.8800000000000001,-0.92
569,6.36e-06,-1.8800000000000001,-0.92
570,6.400000000000003e-06,-1.8800000000000001,-0.88
571,6.440000000000003e-06,-1.92,-0.88
572,6.480000000000002e-06,-1.8800000000000001,-0.88
573,6.520000000000002e-06,-1.92,-0.88
574,6.5600000000000016e-06,-1.8800000000000001,-0.88
575,6.600000000000001e-06,-1.8800000000000001,-0.84
576,6.640000000000001e-06,-1.8800000000000001,-0.84
577,6.68e-06,-1.8800000000000001,-0.84
578,6.72e-06,-1.92,-0.84
579,6.760000000000003e-06,-1.92,-0.84
580,6.800000000000003e-06,-1.92,-0.8
581,6.840000000000002e-06,-1.8800000000000001,-0.8
582,6.880000000000002e-06,-1.92,-0.8
583,6.9200000000000015e-06,-1.92,-0.8
584,6.960000000000001e-06,-1.8800000000000001,-0.8
585,7.000000000000001e-06,-1.92,-0.76
586,7.04e-06,-1.92,-0.76
587,7.08e-06,-1.92,-0.76
588,7.120000000000003e-06,-1.92,-0.76
589,7.160000000000003e-06,-1.92,-0.76
590,7.200000000000002e-06,-1.92,-0.72
591,7.240000000000002e-06,-1.92,-0.72
592,7.2800000000000014e-06,-1.92,-0.72
593,7.320000000000001e-06,-1.8800000000000001,-0.72
594,7.360000000000001e-06,-1.92,-0.72
595,7.4e-06,-1.8800000000000001,-0.72
596,7.440000000000003e-06,-1.8800000000000001,-0.68
597,7.480000000000003e-06,-1.92,-0.68
598,7.5200000000000025e-06,-1.92,-0.68
599,7.560000000000002e-06,-1.92,-0.68
600,7.600000000000002e-06,-1.92,-0.68
601,7.640000000000001e-06,-1.92,-0.68
602,7.680000000000001e-06,-1.92,-0.64
603,7.72e-06,-1.92,-0.64
604,7.76e-06,-1.92,-0.64
605,7.800000000000003e-06,-1.92,-0.64
606,7.840000000000003e-06,-1.92,-0.64
607,7.880000000000002e-06,-1.92,-0.64
608,7.920000000000002e-06,-1.8800000000000001,-0.6
609,7.960000000000002e-06,-1.92,-0.6
610,8.000000000000001e-06,-1.92,-0.6
611,8.040000000000001e-06,-1.92,-0.6
612,8.08e-06,-1.92,-0.6
613,8.12e-06,-1.8800000000000001,-0.6
614,8.160000000000003e-06,-1.8800000000000001,-0.6
615,8.200000000000003e-06,-1.8800000000000001,-0.56
616,8.240000000000002e-06,-1.92,-0.56
617,8.280000000000002e-06,-1.8800000000000001,-0.56
618,8.320000000000002e-06,-1.92,-0.56
619,8.360000000000001e-06,-1.92,-0.56
620,8.400000000000001e-06,-1.92,-0.56
621,8.44e-06,-1.92,-0.56
622,8.48e-06,-1.92,-0.52
623,8.520000000000003e-06,-1.92,-0.52
624,8.560000000000003e-06,-1.92,-0.52
625,8.600000000000002e-06,-1.92,-0.52
626,8.640000000000002e-06,-1.92,-0.52
627,8.680000000000002e-06,-1.92,-0.52
628,8.720000000000001e-06,-1.92,-0.52
629,8.76e-06,-1.92,-0.48
630,8.8e-06,-1.92,-0.48
631,8.84e-06,-1.92,-0.48
632,8.880000000000003e-06,-1.92,-0.48
633,8.920000000000003e-06,-1.92,-0.48
634,8.960000000000002e-06,-1.92,-0.48
635,9.000000000000002e-06,-1.92,-0.48
636,9.040000000000002e-06,-1.92,-0.48
637,9.080000000000001e-06,-1.92,-0.48
638,9.12e-06,-1.92,-0.44
639,9.16e-06,-1.92,-0.44
640,9.2e-06,-1.92,-0.44
641,9.240000000000003e-06,-1.92,-0.44
642,9.280000000000003e-06,-1.92,-0.44
643,9.320000000000002e-06,-1.92,-0.44
644,9.360000000000002e-06,-1.92,-0.44
645,9.400000000000001e-06,-1.92,-0.44
646,9.440000000000001e-06,-1.92,-0.44
647,9.48e-06,-1.92,-0.4
648,9.52e-06,-1.92,-0.4
649,9.560000000000003e-06,-1.92,-0.4
650,9.600000000000003e-06,-1.92,-0.4
651,9.640000000000003e-06,-1.92,-0.4
652,9.680000000000002e-06,-1.92,-0.4
653,9.720000000000002e-06,-1.92,-0.4
654,9.760000000000001e-06,-1.92,-0.4
655,9.800000000000001e-06,-1.92,-0.4
656,9.84e-06,-1.92,-0.4
657,9.88e-06,-1.92,-0.36
658,9.920000000000003e-06,-1.92,-0.36
659,9.960000000000003e-06,-1.92,-0.36
660,1.0000000000000003e-05,-1.92,-0.36
661,1.0040000000000002e-05,-1.92,-0.36
662,1.0080000000000002e-05,-1.92,-0.36
663,1.0120000000000001e-05,-1.92,-0.36
664,1.0160000000000001e-05,-1.92,-0.36
665,1.02e-05,-1.92,-0.36
666,1.024e-05,-1.92,-0.36
667,1.0280000000000003e-05,-1.92,-0.32
668,1.0320000000000003e-05,-1.92,-0.32
669,1.0360000000000002e-05,-1.92,-0.32
670,1.0400000000000002e-05,-1.92,-0.32
671,1.0440000000000002e-05,-1.92,-0.32
672,1.0480000000000001e-05,-1.92,-0.32
673,1.0520000000000001e-05,-1.92,-0.32
674,1.056e-05,-1.92,-0.32
675,1.06e-05,-1.92,-0.32
676,1.0640000000000003e-05,-1.92,-0.32
677,1.0680000000000003e-05,-1.92,-0.32
678,1.0720000000000002e-05,-1.92,-0.32
679,1.0760000000000002e-05,-1.92,-0.32
680,1.0800000000000002e-05,-1.92,-0.28
681,1.0840000000000001e-05,-1.92,-0.28
682,1.0880000000000001e-05,-1.92,-0.28
683,1.092e-05,-1.92,-0.28
684,1.096e-05,-1.92,-0.28
685,1.1000000000000003e-05,-1.92,-0.28
686,1.1040000000000003e-05,-1.92,-0.28
687,1.1080000000000002e-05,-1.92,-0.28
688,1.1120000000000002e-05,-1.92,-0.28
689,1.1160000000000002e-05,-1.92,-0.28
690,1.1200000000000001e-05,-1.92,-0.28
691,1.124e-05,-1.92,-0.28
692,1.128e-05,-1.92,-0.28
693,1.1320000000000003e-05,-1.92,-0.28
694,1.1360000000000003e-05,-1.92,-0.28
695,1.1400000000000003e-05,-1.92,-0.24
696,1.1440000000000002e-05,-1.92,-0.24
697,1.1480000000000002e-05,-1.92,-0.24
698,1.1520000000000002e-05,-1.92,-0.24
699,1.1560000000000001e-05,-1.92,-0.24
700,1.16e-05,-1.92,-0.24
701,1.164e-05,-1.92,-0.24
702,1.1680000000000003e-05,-1.92,-0.24
703,1.1720000000000003e-05,-1.92,-0.24
704,1.1760000000000003e-05,-1.92,-0.24
705,1.1800000000000002e-05,-1.92,-0.24
706,1.1840000000000002e-05,-1.92,-0.24
707,1.1880000000000001e-05,-1.92,-0.24
708,1.1920000000000001e-05,-1.92,-0.24
709,1.196e-05,-1.92,-0.24
710,1.2e-05,-1.92,-0.2
711,1.2040000000000003e-05,-1.92,-0.2
712,1.2080000000000003e-05,-1.92,-0.2
713,1.2120000000000003e-05,-1.92,-0.2
714,1.2160000000000002e-05,-1.92,-0.2
715,1.2200000000000002e-05,-1.92,-0.2
716,1.2240000000000001e-05,-1.92,-0.2
717,1.2280000000000001e-05,-1.92,-0.2
718,1.232e-05,-1.92,-0.2
719,1.236e-05,-1.92,-0.2
720,1.2400000000000003e-05,-1.92,-0.2
721,1.2440000000000003e-05,-1.92,-0.2
722,1.2480000000000002e-05,-1.92,-0.2
723,1.2520000000000002e-05,-1.92,-0.2
724,1.2560000000000002e-05,-1.92,-0.2
725,1.2600000000000001e-05,-1.92,-0.2
726,1.2640000000000001e-05,-1.92,-0.2
727,1.268e-05,-1.92,-0.2
728,1.272e-05,-1.92,-0.2
729,1.2760000000000003e-05,-1.92,-0.2
730,1.2800000000000003e-05,-1.92,-0.16
731,1.2840000000000002e-05,-1.92,-0.16
732,1.2880000000000002e-05,-1.92,-0.16
733,1.2920000000000002e-05,-1.92,-0.16
734,1.2960000000000001e-05,-1.92,-0.16
735,1.3000000000000001e-05,-1.92,-0.16
736,1.304e-05,-1.92,-0.16
737,1.308e-05,-1.92,-0.16
738,1.3120000000000003e-05,-1.92,-0.16
739,1.3160000000000003e-05,-1.92,-0.16
740,1.3200000000000002e-05,-1.92,-0.16
741,1.3240000000000002e-05,-1.92,-0.16
742,1.3280000000000002e-05,-1.92,-0.16
743,1.3320000000000001e-05,-1.92,-0.16
744,1.336e-05,-1.92,-0.16
745,1.34e-05,-1.92,-0.16
746,1.3440000000000003e-05,-1.92,-0.16
747,1.3480000000000003e-05,-1.92,-0.16
748,1.3520000000000003e-05,-1.92,-0.16
749,1.3560000000000002e-05,-1.92,-0.16
750,1.3600000000000002e-05,-1.92,-0.16
751,1.3640000000000002e-05,-1.92,-0.16
752,1.3680000000000001e-05,-1.92,-0.16
753,1.372e-05,-1.92,-0.16
754,1.376e-05,-1.92,-0.16
755,1.3800000000000003e-05,-1.92,-0.16
756,1.3840000000000003e-05,-1.92,-0.12
757,1.3880000000000003e-05,-1.92,-0.12
758,1.3920000000000002e-05,-1.92,-0.12
759,1.3960000000000002e-05,-1.92,-0.12
760,1.4000000000000001e-05,-1.92,-0.12
761,1.4040000000000001e-05,-1.92,-0.12
762,1.408e-05,-1.92,-0.12
763,1.412e-05,-1.92,-0.12
764,1.416e-05,-1.92,-0.12
765,1.42e-05,-1.92,-0.12
766,1.424e-05,-1.92,-0.12
767,1.4279999999999999e-05,-1.92,-0.12
768,1.4320000000000005e-05,-1.92,-0.12
769,1.4360000000000005e-05,-1.92,-0.12
770,1.4400000000000004e-05,-1.92,-0.12
771,1.4440000000000004e-05,-1.92,-0.12
772,1.4480000000000004e-05,-1.92,-0.12
773,1.4520000000000003e-05,-1.92,-0.12
774,1.4560000000000003e-05,-1.92,-0.12
775,1.4600000000000003e-05,-1.92,-0.12
776,1.4640000000000002e-05,-1.92,-0.12
777,1.4680000000000002e-05,-1.92,-0.12
778,1.4720000000000001e-05,-1.92,-0.12
779,1.4760000000000001e-05,-1.92,-0.12
780,1.48e-05,-1.92,-0.12
781,1.484e-05,-1.92,-0.12
782,1.488e-05,-1.92,-0.12
783,1.492e-05,-1.92,-0.12
784,1.4959999999999999e-05,-1.92,-0.12
785,1.4999999999999999e-05,-1.92,-0.12
786,1.5040000000000005e-05,-1.92,-0.08
787,1.5080000000000005e-05,-1.92,-0.08
788,1.5120000000000004e-05,-1.92,-0.12
789,1.5160000000000004e-05,-1.92,-0.08
790,1.5200000000000004e-05,-1.92,-0.08
791,1.5240000000000003e-05,-1.92,-0.08
792,1.5280000000000003e-05,-1.92,-0.08
793,1.5320000000000002e-05,-1.92,-0.08
794,1.5360000000000002e-05,-1.92,-0.08
795,1.54e-05,-1.92,-0.08
796,1.544e-05,-1.92,-0.08
797,1.548e-05,-1.92,-0.08
798,1.552e-05,-1.92,-0.08
799,1.556e-05,-1.92,-0.08
800,1.56e-05,-1.92,-0.08
801,1.564e-05,-1.92,-0.08
802,1.568e-05,-1.92,-0.08
803,1.572e-05,-1.92,-0.08
804,1.5760000000000005e-05,-1.92,-0.08
805,1.5800000000000005e-05,-1.92,-0.08
806,1.5840000000000004e-05,-1.92,-0.08
807,1.5880000000000004e-05,-1.92,-0.08
808,1.5920000000000003e-05,-1.92,-0.08
809,1.5960000000000003e-05,-1.92,-0.08
810,1.6000000000000003e-05,-1.92,-0.08
811,1.6040000000000002e-05,-1.92,-0.08
812,1.6080000000000002e-05,-1.92,-0.08
813,1.612e-05,-1.92,-0.08
814,1.616e-05,-1.92,-0.08
815,1.62e-05,-1.92,-0.08
816,1.624e-05,-1.92,-0.08
817,1.628e-05,-1.92,-0.08
818,1.632e-05,-1.92,-0.08
819,1.636e-05,-1.92,-0.08
820,1.64e-05,-1.92,-0.08
821,1.6440000000000005e-05,-1.92,-0.08
822,1.6480000000000005e-05,-1.92,-0.08
823,1.6520000000000004e-05,-1.92,-0.08
824,1.6560000000000004e-05,-1.92,-0.08
825,1.6600000000000004e-05,-1.92,-0.08
826,1.6640000000000003e-05,-1.92,-0.08
827,1.6680000000000003e-05,-1.92,-0.08
828,1.6720000000000003e-05,-1.92,-0.08
829,1.6760000000000002e-05,-1.92,-0.08
830,1.6800000000000002e-05,-1.92,-0.08
831,1.684e-05,-1.92,-0.08
832,1.688e-05,-1.92,-0.08
833,1.692e-05,-1.92,-0.08
834,1.696e-05,-1.92,-0.08
835,1.7e-05,-1.92,-0.08
836,1.704e-05,-1.92,-0.04
837,1.708e-05,-1.92,-0.08
838,1.712e-05,-1.92,-0.08
839,1.7160000000000005e-05,-1.92,-0.08
840,1.7200000000000005e-05,-1.92,-0.04
841,1.7240000000000004e-05,-1.92,-0.04
842,1.7280000000000004e-05,-1.92,-0.04
843,1.7320000000000004e-05,-1.92,-0.04
844,1.7360000000000003e-05,-1.92,-0.04
845,1.7400000000000003e-05,-1.92,-0.04
846,1.7440000000000002e-05,-1.92,-0.04
847,1.7480000000000002e-05,-1.92,-0.04
848,1.752e-05,-1.92,-0.04
849,1.756e-05,-1.92,-0.04
850,1.76e-05,-1.92,-0.04
851,1.764e-05,-1.92,-0.04
852,1.768e-05,-1.92,-0.04
853,1.772e-05,-1.92,-0.04
854,1.776e-05,-1.92,-0.04
855,1.78e-05,-1.92,-0.04
856,1.784e-05,-1.92,-0.04
857,1.7880000000000005e-05,-1.92,-0.04
858,1.7920000000000005e-05,-1.92,-0.04
859,1.7960000000000004e-05,-1.92,-0.04
860,1.8000000000000004e-05,-1.92,-0.04
861,1.8040000000000003e-05,-1.92,-0.04
862,1.8080000000000003e-05,-1.92,-0.04
863,1.8120000000000003e-05,-1.92,-0.04
864,1.8160000000000002e-05,-1.92,-0.04
865,1.8200000000000002e-05,-1.92,-0.04
866,1.824e-05,-1.92,-0.04
867,1.828e-05,-1.92,-0.04
868,1.832e-05,-1.92,-0.04
869,1.836e-05,-1.92,-0.04
870,1.84e-05,-1.92,-0.04
871,1.844e-05,-1.92,-0.04
872,1.848e-05,-1.92,-0.04
873,1.852e-05,-1.92,-0.04
874,1.8560000000000005e-05,-1.92,-0.04
875,1.8600000000000005e-05,-1.92,-0.04
876,1.8640000000000004e-05,-1.92,-0.04
877,1.8680000000000004e-05,-1.92,-0.04
878,1.8720000000000004e-05,-1.92,-0.04
879,1.8760000000000003e-05,-1.92,-0.04
880,1.8800000000000003e-05,-1.92,-0.04
881,1.8840000000000003e-05,-1.92,-0.04
882,1.8880000000000002e-05,-1.92,-0.04
883,1.8920000000000002e-05,-1.92,-0.04
884,1.896e-05,-1.92,-0.04
885,1.9e-05,-1.92,-0.04
886,1.904e-05,-1.92,-0.04
887,1.908e-05,-1.92,-0.04
888,1.912e-05,-1.92,-0.04
889,1.916e-05,-1.92,-0.04
890,1.92e-05,-1.92,-0.04
891,1.924e-05,-1.92,-0.04
892,1.9280000000000005e-05,-1.92,-0.04
893,1.9320000000000005e-05,-1.92,-0.04
894,1.9360000000000004e-05,-1.92,-0.04
895,1.9400000000000004e-05,-1.92,-0.04
896,1.9440000000000004e-05,-1.92,-0.04
897,1.9480000000000003e-05,-1.92,-0.04
898,1.9520000000000003e-05,-1.92,-0.04
899,1.9560000000000002e-05,-1.92,-0.04
900,1.9600000000000002e-05,-1.92,-0.04
901,1.9640000000000002e-05,-1.92,-0.04
902,1.968e-05,-1.92,-0.04
903,1.972e-05,-1.92,-0.04
904,1.976e-05,-1.92,-0.04
905,1.98e-05,-1.92,-0.04
906,1.984e-05,-1.92,-0.04
907,1.988e-05,-1.92,-0.04
908,1.992e-05,-1.92,-0.04
909,1.996e-05,-1.92,-0.04
910,2.0000000000000005e-05,-1.92,-0.04
911,2.0040000000000005e-05,-1.92,-0.04
912,2.0080000000000004e-05,-1.92,-0.04
913,2.0120000000000004e-05,-1.92,-0.04
914,2.0160000000000003e-05,-1.92,-0.04
915,2.0200000000000003e-05,-1.92,-0.04
916,2.0240000000000003e-05,-1.92,-0.04
917,2.0280000000000002e-05,-1.92,-0.04
918,2.0320000000000002e-05,-1.92,-0.04
919,2.036e-05,-1.92,-0.04
920,2.04e-05,-1.92,-0.04
921,2.044e-05,-1.92,-0.04
922,2.048e-05,-1.92,-0.04
923,2.052e-05,-1.92,-0.04
924,2.056e-05,-1.92,-0.04
925,2.06e-05,-1.92,-0.04
926,2.064e-05,-1.92,-0.04
927,2.0680000000000005e-05,-1.92,-0.04
928,2.0720000000000005e-05,-1.92,-0.04
929,2.0760000000000005e-05,-1.92,-0.04
930,2.0800000000000004e-05,-1.92,-0.04
931,2.0840000000000004e-05,-1.92,-0.04
932,2.0880000000000003e-05,-1.92,-0.04
933,2.0920000000000003e-05,-1.92,-0.04
934,2.0960000000000003e-05,-1.92,-0.04
935,2.1000000000000002e-05,-1.92,-0.04
936,2.1040000000000002e-05,-1.92,-0.04
937,2.108e-05,-1.92,-0.04
938,2.112e-05,-1.92,-0.04
939,2.116e-05,-1.92,-0.04
940,2.12e-05,-1.92,-0.04
941,2.124e-05,-1.92,-0.04
942,2.128e-05,-1.92,-0.04
943,2.132e-05,-1.92,-0.04
944,2.136e-05,-1.92,-0.04
945,2.1400000000000005e-05,-1.92,-0.04
946,2.1440000000000005e-05,-1.92,-0.04
947,2.1480000000000004e-05,-1.92,-0.04
948,2.1520000000000004e-05,-1.92,-0.04
949,2.1560000000000004e-05,-1.92,0.0
950,2.1600000000000003e-05,-1.92,-0.04
951,2.1640000000000003e-05,-1.92,-0.04
952,2.1680000000000002e-05,-1.92,0.0
953,2.1720000000000002e-05,-1.92,-0.04
954,2.1760000000000002e-05,-1.92,0.0
955,2.18e-05,-1.92,0.0
956,2.184e-05,-1.92,0.0
957,2.188e-05,-1.92,0.0
958,2.192e-05,-1.92,-0.04
959,2.196e-05,-1.92,0.0
960,2.2e-05,-1.92,-0.04
961,2.204e-05,-1.92,0.0
962,2.208e-05,-1.92,0.0
963,2.2120000000000005e-05,-1.92,0.0
964,2.2160000000000005e-05,-1.92,0.0
965,2.2200000000000004e-05,-1.92,0.0
966,2.2240000000000004e-05,-1.92,0.0
967,2.2280000000000004e-05,-1.92,0.0
968,2.2320000000000003e-05,-1.92,0.0
969,2.2360000000000003e-05,-1.92,0.0
970,2.2400000000000002e-05,-1.92,0.0
971,2.2440000000000002e-05,-1.92,0.0
972,2.248e-05,-1.92,0.0
973,2.252e-05,-1.92,0.0
974,2.256e-05,-1.92,0.0
975,2.26e-05,-1.92,0.0
976,2.264e-05,-1.92,0.0
977,2.268e-05,-1.92,0.0
978,2.272e-05,-1.92,0.0
979,2.276e-05,-1.92,0.0
980,2.2800000000000005e-05,-1.92,0.0
981,2.2840000000000005e-05,-1.92,0.0
982,2.2880000000000005e-05,-1.92,0.0
983,2.2920000000000004e-05,-1.92,0.0
984,2.2960000000000004e-05,-1.92,0.0
985,2.3000000000000003e-05,-1.92,0.0
986,2.3040000000000003e-05,-1.92,0.0
987,2.3080000000000003e-05,-1.92,0.0
988,2.3120000000000002e-05,-1.92,0.0
989,2.3160000000000002e-05,-1.92,0.0
990,2.32e-05,-1.92,0.0
991,2.324e-05,-1.92,0.0
992,2.328e-05,-1.92,0.0
993,2.332e-05,-1.92,0.0
994,2.336e-05,-1.92,0.0
995,2.34e-05,-1.92,0.0
996,2.344e-05,-1.92,0.0
997,2.348e-05,-1.92,0.0
998,2.3520000000000005e-05,-1.92,0.0
999,2.3560000000000005e-05,-1.92,0.0
1000,2.3600000000000004e-05,-1.92,0.0
1001,2.3640000000000004e-05,-1.92,0.0
1002,2.3680000000000004e-05,-1.92,0.0
1003,2.3720000000000003e-05,-1.92,0.0
1004,2.3760000000000003e-05,-1.92,0.0
1005,2.3800000000000003e-05,-1.92,0.0
1006,2.3840000000000002e-05,-1.92,0.0
1007,2.3880000000000002e-05,-1.92,0.0
1008,2.392e-05,-1.92,0.0
1009,2.396e-05,-1.92,0.0
1010,2.4e-05,-1.92,0.0
1011,2.404e-05,-1.92,0.0
1012,2.408e-05,-1.92,0.0
1013,2.412e-05,-1.92,0.0
1014,2.416e-05,-1.92,0.0
1015,2.42e-05,-1.92,0.0
1016,2.4240000000000005e-05,-1.92,0.0
1017,2.4280000000000005e-05,-1.92,0.0
1018,2.4320000000000004e-05,-1.92,0.0
1019,2.4360000000000004e-05,-1.92,0.0
1020,2.4400000000000004e-05,-1.92,0.0
1021,2.4440000000000003e-05,-1.92,0.0
1022,2.4480000000000003e-05,-1.92,0.0
1023,2.4520000000000002e-05,-1.92,0.0
1024,2.4560000000000002e-05,-1.92,0.0
1025,2.46e-05,-1.92,0.0
1026,2.464e-05,-1.92,0.0
1027,2.468e-05,-1.92,0.0
1028,2.472e-05,-1.92,0.0
1029,2.476e-05,-1.92,0.0
1030,2.48e-05,-1.92,0.0
1031,2.484e-05,-1.92,0.0
1032,2.488e-05,-1.92,0.0
1033,2.4920000000000005e-05,-1.92,0.0
1034,2.4960000000000005e-05,-1.92,0.0
1035,2.5000000000000005e-05,-1.92,0.0
1036,2.5040000000000004e-05,-1.92,0.0
1037,2.5080000000000004e-05,-1.92,0.0
1038,2.5120000000000003e-05,-1.92,0.0
1039,2.5160000000000003e-05,-1.92,0.0
1040,2.5200000000000003e-05,-1.92,0.0
1041,2.5240000000000002e-05,-1.92,0.0
1042,2.5280000000000002e-05,-1.92,0.0
1043,2.532e-05,-1.92,0.0
1044,2.536e-05,-1.92,0.0
1045,2.54e-05,-1.92,0.0
1046,2.544e-05,-1.92,0.0
1047,2.548e-05,-1.92,0.0
1048,2.552e-05,-1.92,0.0
1049,2.556e-05,-1.92,0.0
1050,2.56e-05,-1.92,0.0
1051,2.5640000000000005e-05,-1.92,0.0
1052,2.5680000000000005e-05,-1.92,0.0
1053,2.5720000000000004e-05,-1.92,0.0
1054,2.5760000000000004e-05,-1.92,0.0
1055,2.5800000000000004e-05,-1.92,0.0
1056,2.5840000000000003e-05,-1.92,0.0
1057,2.5880000000000003e-05,-1.92,0.0
1058,2.5920000000000003e-05,-1.92,0.0
1059,2.5960000000000002e-05,-1.92,0.0
1060,2.6000000000000002e-05,-1.92,0.0
1061,2.604e-05,-1.92,0.0
1062,2.608e-05,-1.92,0.0
1063,2.612e-05,-1.92,0.0
1064,2.616e-05,-1.92,0.0
1065,2.62e-05,-1.92,0.0
1066,2.624e-05,-1.92,0.0
1067,2.628e-05,-1.92,0.0
1068,2.632e-05,-1.92,0.0
1069,2.6360000000000005e-05,-1.92,0.0
1070,2.6400000000000005e-05,-1.92,0.0
1071,2.6440000000000004e-05,-1.92,0.0
1072,2.6480000000000004e-05,-1.92,0.0
1073,2.6520000000000004e-05,-1.92,0.0
1074,2.6560000000000003e-05,-1.92,0.0
1075,2.6600000000000003e-05,-1.92,0.0
1076,2.6640000000000002e-05,-1.92,0.0
1077,2.6680000000000002e-05,-1.92,0.0
1078,2.672e-05,-1.92,0.0
1079,2.676e-05,-1.92,0.0
1080,2.68e-05,-1.92,0.0
1081,2.684e-05,-1.92,0.0
1082,2.688e-05,-1.92,0.0
1083,2.692e-05,-1.92,0.0
1084,2.696e-05,-1.92,0.0
1085,2.7e-05,-1.92,0.0
1086,2.7040000000000005e-05,-1.92,0.0
1087,2.7080000000000005e-05,-1.92,0.0
1088,2.7120000000000005e-05,-1.92,0.0
1089,2.7160000000000004e-05,-1.92,0.0
1090,2.7200000000000004e-05,-1.92,0.0
1091,2.7240000000000003e-05,-1.92,0.0
1092,2.7280000000000003e-05,-1.92,0.0
1093,2.7320000000000003e-05,-1.92,0.0
1094,2.7360000000000002e-05,-1.92,0.0
1095,2.7400000000000002e-05,-1.92,0.0
1096,2.744e-05,-1.92,0.0
1097,2.748e-05,-1.92,0.0
1098,2.752e-05,-1.92,0.0
1099,2.756e-05,-1.92,0.0
1100,2.76e-05,-1.92,0.0
1101,2.764e-05,-1.92,0.0
1102,2.768e-05,-1.92,0.0
1103,2.772e-05,-1.92,0.0
1104,2.7760000000000005e-05,-1.92,0.0
1105,2.7800000000000005e-05,-1.92,0.0
1106,2.7840000000000005e-05,-1.92,0.0
1107,2.7880000000000004e-05,-1.92,0.0
1108,2.7920000000000004e-05,-1.8800000000000001,0.0
1109,2.7960000000000003e-05,-1.92,0.0
1110,2.8000000000000003e-05,-1.8800000000000001,0.0
1111,2.8040000000000003e-05,-1.8800000000000001,0.0
1112,2.8080000000000002e-05,-1.8800000000000001,0.0
1113,2.8120000000000002e-05,-1.92,0.0
1114,2.816e-05,-1.8800000000000001,0.0
1115,2.82e-05,-1.8800000000000001,0.0
1116,2.824e-05,-1.8800000000000001,0.0
1117,2.828e-05,-1.8800000000000001,0.0
1118,2.832e-05,-1.8800000000000001,0.0
1119,2.836e-05,-1.8800000000000001,0.0
1120,2.84e-05,-1.8800000000000001,0.0
1121,2.844e-05,-1.8800000000000001,0.0
1122,2.8480000000000005e-05,-1.8800000000000001,0.0
1123,2.8520000000000005e-05,-1.8800000000000001,0.0
1124,2.8560000000000004e-05,-1.8800000000000001,0.0
1125,2.8600000000000004e-05,-1.8800000000000001,0.0
1126,2.8640000000000004e-05,-1.8800000000000001,0.0
1127,2.8680000000000003e-05,-1.8800000000000001,0.0
1128,2.8720000000000003e-05,-1.8800000000000001,0.0
1129,2.8760000000000002e-05,-1.8800000000000001,0.0
1130,2.8800000000000002e-05,-1.8800000000000001,0.0
1131,2.8840000000000002e-05,-1.8800000000000001,0.0
1132,2.888e-05,-1.8800000000000001,0.0
1133,2.892e-05,-1.8800000000000001,0.0
1134,2.896e-05,-1.8800000000000001,0.0
1135,2.9e-05,-1.8800000000000001,0.0
1136,2.904e-05,-1.8800000000000001,0.0
1137,2.908e-05,-1.8800000000000001,0.0
1138,2.912e-05,-1.8800000000000001,0.0
1139,2.9160000000000005e-05,-1.8800000000000001,0.0
1140,2.9200000000000005e-05,-1.8800000000000001,0.0
1141,2.9240000000000005e-05,-1.8800000000000001,0.0
1142,2.9280000000000004e-05,-1.8800000000000001,0.0
1143,2.9320000000000004e-05,-1.8800000000000001,0.0
1144,2.9360000000000003e-05,-1.8800000000000001,0.0
1145,2.9400000000000003e-05,-1.8800000000000001,0.0
1146,2.9440000000000003e-05,-1.8800000000000001,0.0
1147,2.9480000000000002e-05,-1.8800000000000001,0.0
1148,2.9520000000000002e-05,-1.8800000000000001,0.0
1149,2.956e-05,-1.8800000000000001,0.0
1150,2.96e-05,-1.8800000000000001,0.0
1151,2.964e-05,-1.8800000000000001,0.0
1152,2.968e-05,-1.8800000000000001,0.0
1153,2.972e-05,-1.8800000000000001,0.0
1154,2.976e-05,-1.8800000000000001,0.0
1155,2.98e-05,-1.8800000000000001,0.0
1156,2.984e-05,-1.8800000000000001,0.0
1157,2.9880000000000005e-05,-1.8800000000000001,0.0
1158,2.9920000000000005e-05,-1.8800000000000001,0.0
1159,2.9960000000000005e-05,-1.8800000000000001,0.0
1160,3.0000000000000004e-05,-1.8800000000000001,0.0
1161,3.0040000000000004e-05,-1.8800000000000001,0.0
1162,3.0080000000000003e-05,-1.8800000000000001,0.0
1163,3.0120000000000003e-05,-1.8800000000000001,0.0
1164,3.0160000000000003e-05,-1.8800000000000001,0.0
1165,3.0200000000000002e-05,-1.6400000000000001,0.08
1166,3.0240000000000002e-05,2.56,2.2800000000000002
1167,3.028e-05,4.16,3.7600000000000002
1168,3.032e-05,4.12,3.72
1169,3.036e-05,4.12,3.72
1170,3.04e-05,4.12,3.72
1171,3.044e-05,4.12,3.72
1172,3.048e-05,4.12,3.72
1173,3.052e-05,4.12,3.72
1174,3.056e-05,4.12,3.72
1175,3.0600000000000005e-05,4.12,3.72
1176,3.0640000000000005e-05,4.12,3.72
1177,3.0680000000000004e-05,4.12,3.72
1178,3.0720000000000004e-05,4.12,3.72
1179,3.0760000000000004e-05,4.12,3.72
1180,3.08e-05,4.12,3.72
1181,3.084e-05,4.12,3.72
1182,3.088e-05,4.12,3.72
1183,3.092e-05,4.12,3.72
1184,3.096e-05,4.12,3.72
1185,3.1e-05,4.12,3.72
1186,3.104e-05,4.12,3.72
1187,3.108e-05,4.12,3.72
1188,3.112e-05,4.12,3.72
1189,3.116e-05,4.12,3.72
1190,3.12e-05,4.12,3.72
1191,3.124e-05,4.12,3.72
1192,3.1280000000000005e-05,4.12,3.72
1193,3.1320000000000005e-05,4.12,3.72
1194,3.1360000000000005e-05,4.12,3.72
1195,3.1400000000000004e-05,4.12,3.72
1196,3.1440000000000004e-05,4.12,3.72
1197,3.1480000000000004e-05,4.12,3.72
1198,3.152e-05,4.12,3.72
1199,3.156e-05,4.12,3.72
1200,3.16e-05,4.12,3.72
1201,3.164e-05,4.12,3.72
1202,3.168e-05,4.12,3.72
1203,3.172e-05,4.12,3.72
1204,3.176e-05,4.12,3.72
1205,3.18e-05,4.12,3.72
1206,3.184e-05,4.12,3.72
1207,3.188e-05,4.12,3.72
1208,3.192e-05,4.12,3.72
1209,3.196e-05,4.12,3.72
1210,3.2000000000000005e-05,4.12,3.72
1211,3.2040000000000005e-05,4.12,3.72
1212,3.2080000000000005e-05,4.12,3.72
1213,3.2120000000000004e-05,4.12,3.72
1214,3.2160000000000004e-05,4.12,3.72
1215,3.2200000000000003e-05,4.12,3.72
1216,3.224e-05,4.12,3.72
1217,3.228e-05,4.12,3.72
1218,3.232e-05,4.12,3.72
1219,3.236e-05,4.12,3.72
1220,3.24e-05,4.12,3.72
1221,3.244e-05,4.12,3.72
1222,3.248e-05,4.12,3.72
1223,3.252e-05,4.12,3.72
1224,3.256e-05,4.12,3.72
1225,3.26e-05,4.12,3.72
1226,3.264e-05,4.12,3.72
1227,3.268e-05,4.12,3.72
1228,3.2720000000000005e-05,4.12,3.72
1229,3.2760000000000005e-05,4.12,3.72
1230,3.2800000000000004e-05,4.12,3.72
1231,3.2840000000000004e-05,4.12,3.72
1232,3.2880000000000004e-05,4.12,3.72
1233,3.292e-05,4.12,3.72
1234,3.296e-05,4.12,3.72
1235,3.3e-05,4.12,3.72
1236,3.304e-05,4.12,3.72
1237,3.308e-05,4.12,3.72
1238,3.312e-05,4.12,3.72
1239,3.316e-05,4.12,3.72
1240,3.32e-05,4.12,3.72
1241,3.324e-05,4.12,3.72
1242,3.328e-05,4.12,3.72
1243,3.332e-05,4.12,3.72
1244,3.336e-05,4.12,3.72
1245,3.3400000000000005e-05,4.12,3.72
1246,3.3440000000000005e-05,4.12,3.72
1247,3.3480000000000005e-05,4.12,3.72
1248,3.3520000000000004e-05,4.12,3.72
1249,3.3560000000000004e-05,4.12,3.72
1250,3.3600000000000004e-05,4.12,3.72
1251,3.364e-05,4.12,3.72
1252,3.368e-05,4.12,3.72
1253,3.372e-05,4.12,3.72
1254,3.376e-05,4.12,3.72
1255,3.38e-05,4.12,3.72
1256,3.384e-05,4.12,3.72
1257,3.388e-05,4.12,3.72
1258,3.392e-05,4.12,3.72
1259,3.396e-05,4.12,3.72
1260,3.4e-05,4.12,3.72
1261,3.404e-05,4.12,3.72
1262,3.408e-05,4.12,3.72
1263,3.4120000000000005e-05,4.12,3.72
1264,3.4160000000000005e-05,4.16,3.72
1265,3.4200000000000005e-05,4.16,3.72
1266,3.4240000000000004e-05,4.16,3.72
1267,3.4280000000000004e-05,4.12,3.72
1268,3.4320000000000003e-05,4.16,3.72
1269,3.436e-05,4.16,3.72
1270,3.44e-05,4.16,3.72
1271,3.444e-05,4.16,3.72
1272,3.448e-05,4.16,3.72
1273,3.452e-05,4.16,3.72
1274,3.456e-05,4.16,3.72
1275,3.46e-05,4.16,3.72
1276,3.464e-05,4.16,3.72
1277,3.468e-05,4.16,3.72
1278,3.472e-05,4.16,3.72
1279,3.476e-05,4.16,3.72
1280,3.48e-05,4.16,3.72
1281,3.4840000000000005e-05,4.16,3.72
1282,3.4880000000000005e-05,4.16,3.72
1283,3.4920000000000004e-05,4.16,3.72
1284,3.4960000000000004e-05,4.16,3.72
1285,3.5000000000000004e-05,4.16,3.72
1286,3.504e-05,4.16,3.72
1287,3.508e-05,4.16,3.72
1288,3.512e-05,4.16,3.72
1289,3.516e-05,4.16,3.72
1290,3.52e-05,4.16,3.72
1291,3.524e-05,4.16,3.72
1292,3.528e-05,4.16,3.72
1293,3.532e-05,4.16,3.72
1294,3.536e-05,4.16,3.72
1295,3.54e-05,4.16,3.72
1296,3.544e-05,4.16,3.72
1297,3.548e-05,4.16,3.72
1298,3.5520000000000006e-05,4.16,3.72
1299,3.5560000000000005e-05,4.16,3.72
1300,3.5600000000000005e-05,4.16,3.72
1301,3.5640000000000004e-05,4.16,3.72
1302,3.5680000000000004e-05,4.16,3.72
1303,3.5720000000000004e-05,4.16,3.72
1304,3.576e-05,4.16,3.72
1305,3.58e-05,4.16,3.72
1306,3.584e-05,4.16,3.72
1307,3.588e-05,4.16,3.72
1308,3.592e-05,4.16,3.72
1309,3.596e-05,4.16,3.72
1310,3.6e-05,4.16,3.72
1311,3.604e-05,4.16,3.72
1312,3.608e-05,4.16,3.72
1313,3.612e-05,4.16,3.72
1314,3.616e-05,4.16,3.72
1315,3.62e-05,4.16,3.72
1316,3.6240000000000005e-05,4.16,3.72
1317,3.6280000000000005e-05,4.16,3.72
1318,3.6320000000000005e-05,4.16,3.72
1319,3.6360000000000004e-05,4.16,3.72
1320,3.6400000000000004e-05,4.16,3.72
1321,3.6440000000000003e-05,4.16,3.72
1322,3.648e-05,4.16,3.72
1323,3.652e-05,4.16,3.72
1324,3.656e-05,4.16,3.72
1325,3.66e-05,4.16,3.72
1326,3.664e-05,4.16,3.72
1327,3.668e-05,4.16,3.72
1328,3.672e-05,4.16,3.72
1329,3.676e-05,4.16,3.72
1330,3.68e-05,4.16,3.72
1331,3.684e-05,4.16,3.72
1332,3.688e-05,4.16,3.72
1333,3.6920000000000006e-05,4.16,3.72
1334,3.6960000000000005e-05,4.16,3.72
1335,3.7000000000000005e-05,4.16,3.72
1336,3.7040000000000005e-05,4.16,3.72
1337,3.7080000000000004e-05,4.16,3.72
1338,3.7120000000000004e-05,4.16,3.72
1339,3.716e-05,4.16,3.72
1340,3.72e-05,4.16,3.72
1341,3.724e-05,4.16,3.72
1342,3.728e-05,4.16,3.72
1343,3.732e-05,4.16,3.72
1344,3.736e-05,4.16,3.72
1345,3.74e-05,4.16,3.72
1346,3.744e-05,4.16,3.72
1347,3.748e-05,4.16,3.72
1348,3.752e-05,4.16,3.72
1349,3.756e-05,4.16,3.72
1350,3.76e-05,4.16,3.72
1351,3.7640000000000006e-05,4.16,3.72
1352,3.7680000000000005e-05,4.16,3.72
1353,3.7720000000000005e-05,4.16,3.72
1354,3.7760000000000004e-05,4.16,3.72
1355,3.7800000000000004e-05,4.16,3.72
1356,3.7840000000000004e-05,4.16,3.72
1357,3.788e-05,4.16,3.72
1358,3.792e-05,4.16,3.72
1359,3.796e-05,4.16,3.72
1360,3.8e-05,4.16,3.72
1361,3.804e-05,4.16,3.72
1362,3.808e-05,4.16,3.72
1363,3.812e-05,4.16,3.72
1364,3.816e-05,4.16,3.72
1365,3.82e-05,4.16,3.72
1366,3.824e-05,4.16,3.72
1367,3.828e-05,4.16,3.72
1368,3.832e-05,4.16,3.72
1369,3.8360000000000005e-05,4.16,3.72
1370,3.8400000000000005e-05,4.16,3.72
1371,3.8440000000000005e-05,4.16,3.72
1372,3.8480000000000004e-05,4.16,3.72
1373,3.8520000000000004e-05,4.16,3.72
1374,3.8560000000000004e-05,4.16,3.72
1375,3.86e-05,4.16,3.72
1376,3.864e-05,4.16,3.72
1377,3.868e-05,4.16,3.72
1378,3.872e-05,4.16,3.72
1379,3.876e-05,4.16,3.72
1380,3.88e-05,4.16,3.72
1381,3.884e-05,4.16,3.72
1382,3.888e-05,4.16,3.72
1383,3.892e-05,4.16,3.72
1384,3.896e-05,4.16,3.72
1385,3.9e-05,4.16,3.72
1386,3.9040000000000006e-05,4.16,3.72
1387,3.9080000000000005e-05,4.16,3.72
1388,3.9120000000000005e-05,4.16,3.72
1389,3.9160000000000005e-05,4.16,3.72
1390,3.9200000000000004e-05,4.16,3.72
1391,3.9240000000000004e-05,4.16,3.72
1392,3.9280000000000003e-05,4.16,3.72
1393,3.932e-05,4.16,3.72
1394,3.936e-05,4.16,3.72
1395,3.94e-05,4.16,3.72
1396,3.944e-05,4.16,3.72
1397,3.948e-05,4.16,3.72
1398,3.952e-05,4.16,3.72
1399,3.956e-05,4.16,3.72
1400,3.96e-05,4.16,3.72
1401,3.964e-05,4.16,3.72
1402,3.968e-05,4.16,3.72
1403,3.972e-05,4.16,3.72
1404,3.9760000000000006e-05,4.16,3.72
1405,3.9800000000000005e-05,4.16,3.72
1406,3.9840000000000005e-05,4.16,3.72
1407,3.9880000000000004e-05,4.16,3.72
1408,3.9920000000000004e-05,4.16,3.72
1409,3.9960000000000004e-05,4.16,3.72
1410,4e-05,4.16,3.72
1411,4.004e-05,4.16,3.72
1412,4.008e-05,4.16,3.72
1413,4.012e-05,4.16,3.72
1414,4.016e-05,4.16,3.72
1415,4.02e-05,4.16,3.72
1416,4.024e-05,4.16,3.72
1417,4.028e-05,4.16,3.72
1418,4.032e-05,4.16,3.72
1419,4.036e-05,4.16,3.72
1420,4.04e-05,4.16,3.72
1421,4.044e-05,4.16,3.72
1422,4.0480000000000005e-05,4.16,3.72
1423,4.0520000000000005e-05,4.16,3.72
1424,4.0560000000000005e-05,4.16,3.72
1425,4.0600000000000004e-05,4.16,3.72
1426,4.0640000000000004e-05,4.16,3.72
1427,4.0680000000000004e-05,4.16,3.72
1428,4.072e-05,4.16,3.72
1429,4.076e-05,4.16,3.72
1430,4.08e-05,4.16,3.72
1431,4.084e-05,4.16,3.72
1432,4.088e-05,4.16,3.72
1433,4.092e-05,4.16,3.72
1434,4.096e-05,4.16,3.72
1435,4.1e-05,4.16,3.72
1436,4.104e-05,4.16,3.72
1437,4.108e-05,4.16,3.72
1438,4.112e-05,4.16,3.72
1439,4.1160000000000006e-05,4.16,3.72
1440,4.1200000000000005e-05,4.16,3.72
1441,4.1240000000000005e-05,4.16,3.72
1442,4.1280000000000005e-05,4.16,3.72
1443,4.1320000000000004e-05,4.16,3.72
1444,4.1360000000000004e-05,4.16,3.72
1445,4.1400000000000003e-05,4.16,3.72
1446,4.144e-05,4.16,3.72
1447,4.148e-05,4.16,3.72
1448,4.152e-05,4.16,3.72
1449,4.156e-05,4.16,3.72
1450,4.16e-05,4.16,3.72
1451,4.164e-05,4.16,3.72
1452,4.168e-05,4.16,3.72
1453,4.172e-05,4.16,3.72
1454,4.176e-05,4.16,3.72
1455,4.18e-05,4.16,3.72
1456,4.184e-05,4.16,3.72
1457,4.1880000000000006e-05,4.16,3.72
1458,4.1920000000000005e-05,4.16,3.72
1459,4.1960000000000005e-05,4.16,3.72
1460,4.2000000000000004e-05,4.16,3.72
1461,4.2040000000000004e-05,4.16,3.72
1462,4.2080000000000004e-05,4.16,3.72
1463,4.212e-05,4.16,3.72
1464,4.216e-05,4.16,3.72
1465,4.22e-05,4.16,3.72
1466,4.224e-05,4.16,3.72
1467,4.228e-05,4.16,3.72
1468,4.232e-05,4.16,3.72
1469,4.236e-05,4.16,3.72
1470,4.24e-05,4.16,3.72
1471,4.244e-05,4.16,3.72
1472,4.248e-05,4.16,3.72
1473,4.252e-05,4.16,3.72
1474,4.256e-05,4.16,3.72
1475,4.2600000000000005e-05,4.16,3.72
1476,4.2640000000000005e-05,4.16,3.72
1477,4.2680000000000005e-05,4.16,3.72
1478,4.2720000000000004e-05,4.16,3.72
1479,4.2760000000000004e-05,4.16,3.72
1480,4.2800000000000004e-05,4.16,3.72
1481,4.284e-05,4.16,3.72
1482,4.288e-05,4.16,3.72
1483,4.292e-05,4.16,3.72
1484,4.296e-05,4.16,3.72
1485,4.3e-05,4.16,3.72
1486,4.304e-05,4.16,3.72
1487,4.308e-05,4.16,3.72
1488,4.312e-05,4.16,3.72
1489,4.316e-05,4.16,3.72
1490,4.32e-05,4.16,3.72
1491,4.324e-05,4.16,3.72
1492,4.3280000000000006e-05,4.16,3.72
1493,4.3320000000000005e-05,4.16,3.72
1494,4.3360000000000005e-05,4.16,3.72
1495,4.3400000000000005e-05,4.16,3.72
1496,4.3440000000000004e-05,4.16,3.72
1497,4.3480000000000004e-05,4.16,3.72
1498,4.3520000000000003e-05,4.16,3.72
1499,4.356e-05,4.16,3.72
1500,4.36e-05,4.16,3.72
1501,4.364e-05,4.16,3.72
1502,4.368e-05,4.16,3.72
1503,4.372e-05,4.16,3.72
1504,4.376e-05,4.16,3.72
1505,4.38e-05,4.16,3.72
1506,4.384e-05,4.16,3.72
1507,4.388e-05,4.16,3.72
1508,4.392e-05,4.16,3.72
1509,4.396e-05,4.16,3.72
1510,4.4000000000000006e-05,4.16,3.72
1511,4.4040000000000005e-05,4.16,3.72
1512,4.4080000000000005e-05,4.16,3.72
1513,4.4120000000000004e-05,4.16,3.72
1514,4.4160000000000004e-05,4.16,3.72
1515,4.4200000000000004e-05,4.16,3.72
1516,4.424e-05,4.16,3.72
1517,4.428e-05,4.16,3.72
1518,4.432e-05,4.16,3.72
1519,4.436e-05,4.16,3.72
1520,4.44e-05,4.16,3.72
1521,4.444e-05,4.16,3.72
1522,4.448e-05,4.16,3.72
1523,4.452e-05,4.16,3.72
1524,4.456e-05,4.16,3.72
1525,4.46e-05,4.16,3.72
1526,4.464e-05,4.16,3.72
1527,4.4680000000000006e-05,4.16,3.72
1528,4.472e-05,4.16,3.72
1529,4.4760000000000005e-05,4.16,3.72
1530,4.48e-05,4.16,3.72
1531,4.4840000000000004e-05,4.16,3.72
1532,4.488e-05,4.16,3.72
1533,4.4920000000000004e-05,4.16,3.72
1534,4.4959999999999996e-05,4.16,3.72
1535,4.5e-05,4.16,3.72
1536,4.504000000000001e-05,4.16,3.72
1537,4.508e-05,4.16,3.72
1538,4.512000000000001e-05,4.16,3.72
1539,4.516e-05,4.16,3.72
1540,4.520000000000001e-05,4.16,3.72
1541,4.524e-05,4.16,3.72
1542,4.528000000000001e-05,4.16,3.72
1543,4.532e-05,4.16,3.72
1544,4.5360000000000006e-05,4.16,3.72
1545,4.54e-05,4.16,3.72
1546,4.5440000000000005e-05,4.16,3.72
1547,4.548e-05,4.16,3.72
1548,4.5520000000000005e-05,4.16,3.72
1549,4.556e-05,4.16,3.72
1550,4.5600000000000004e-05,4.16,3.72
1551,4.564e-05,4.16,3.72
1552,4.568e-05,4.16,3.72
1553,4.5719999999999996e-05,4.16,3.72
1554,4.576e-05,4.16,3.72
1555,4.580000000000001e-05,4.16,3.72
1556,4.584e-05,4.16,3.72
1557,4.588000000000001e-05,4.16,3.72
1558,4.592e-05,4.16,3.72
1559,4.596000000000001e-05,4.16,3.72
1560,4.6e-05,4.16,3.72
1561,4.6040000000000006e-05,4.16,3.72
1562,4.608e-05,4.16,3.72
1563,4.6120000000000006e-05,4.16,3.72
1564,4.616e-05,4.16,3.72
1565,4.6200000000000005e-05,4.16,3.72
1566,4.624e-05,4.16,3.72
1567,4.6280000000000004e-05,4.16,3.72
1568,4.632e-05,4.16,3.72
1569,4.636e-05,4.16,3.72
1570,4.6399999999999996e-05,4.16,3.72
1571,4.644e-05,4.16,3.72
1572,4.648000000000001e-05,4.16,3.72
1573,4.652e-05,4.16,3.72
1574,4.656000000000001e-05,4.16,3.72
1575,4.66e-05,4.16,3.72
1576,4.664000000000001e-05,4.16,3.72
1577,4.668e-05,4.16,3.72
1578,4.672000000000001e-05,4.16,3.72
1579,4.676e-05,4.16,3.72
1580,4.6800000000000006e-05,4.16,3.72
1581,4.684e-05,4.16,3.72
1582,4.6880000000000005e-05,4.16,3.72
1583,4.692e-05,4.16,3.72
1584,4.6960000000000004e-05,4.16,3.72
1585,4.7e-05,4.16,3.72
1586,4.7040000000000004e-05,4.16,3.72
1587,4.7079999999999996e-05,4.16,3.72
1588,4.712e-05,4.16,3.72
1589,4.716000000000001e-05,4.16,3.72
1590,4.72e-05,4.16,3.72
1591,4.724000000000001e-05,4.16,3.72
1592,4.728e-05,4.16,3.72
1593,4.732000000000001e-05,4.16,3.72
1594,4.736e-05,4.16,3.72
1595,4.740000000000001e-05,4.16,3.72
1596,4.744e-05,4.16,3.72
1597,4.7480000000000006e-05,4.16,3.72
1598,4.752e-05,4.16,3.72
1599,4.7560000000000005e-05,4.16,3.72
1600,4.76e-05,4.16,3.72
1601,4.7640000000000005e-05,4.16,3.72
1602,4.768e-05,4.16,3.72
1603,4.7720000000000004e-05,4.16,3.72
1604,4.776e-05,4.16,3.72
1605,4.78e-05,4.16,3.72
1606,4.7839999999999996e-05,4.16,3.72
1607,4.788e-05,4.16,3.72
1608,4.792000000000001e-05,4.16,3.72
1609,4.796e-05,4.16,3.72
1610,4.800000000000001e-05,4.16,3.72
1611,4.804e-05,4.16,3.72
1612,4.808000000000001e-05,4.16,3.72
1613,4.812e-05,4.16,3.72
1614,4.8160000000000006e-05,4.16,3.72
1615,4.82e-05,4.16,3.72
1616,4.8240000000000006e-05,4.16,3.72
1617,4.828e-05,4.16,3.72
1618,4.8320000000000005e-05,4.16,3.72
1619,4.836e-05,4.16,3.72
1620,4.8400000000000004e-05,4.16,3.72
1621,4.844e-05,4.16,3.72
1622,4.8480000000000003e-05,4.16,3.72
1623,4.8519999999999996e-05,4.16,3.72
1624,4.856e-05,4.16,3.72
1625,4.860000000000001e-05,4.16,3.72
1626,4.864e-05,4.16,3.72
1627,4.868000000000001e-05,4.16,3.72
1628,4.872e-05,4.16,3.72
1629,4.876000000000001e-05,4.16,3.72
1630,4.88e-05,4.16,3.72
1631,4.884000000000001e-05,4.16,3.72
1632,4.888e-05,4.16,3.72
1633,4.8920000000000006e-05,4.16,3.72
1634,4.896e-05,4.16,3.72
1635,4.9000000000000005e-05,4.16,3.72
1636,4.904e-05,4.16,3.72
1637,4.9080000000000004e-05,4.16,3.72
1638,4.912e-05,4.16,3.72
1639,4.9160000000000004e-05,4.16,3.72
1640,4.9199999999999997e-05,4.16,3.72
1641,4.924e-05,4.16,3.72
1642,4.928000000000001e-05,4.16,3.72
1643,4.932e-05,4.2,3.72
1644,4.936000000000001e-05,4.16,3.72
1645,4.94e-05,4.16,3.72
1646,4.944000000000001e-05,4.16,3.72
1647,4.948e-05,4.16,3.72
1648,4.952000000000001e-05,4.16,3.72
1649,4.956e-05,4.16,3.72
1650,4.9600000000000006e-05,4.16,3.72
1651,4.964e-05,4.16,3.72
1652,4.9680000000000005e-05,4.16,3.72
1653,4.972e-05,4.16,3.72
1654,4.9760000000000005e-05,4.16,3.72
1655,4.98e-05,4.16,3.72
1656,4.9840000000000004e-05,4.16,3.72
1657,4.988e-05,4.16,3.72
1658,4.992e-05,4.16,3.72
1659,4.9959999999999996e-05,4.16,3.72
1660,5e-05,4.16,3.72
1661,5.004000000000001e-05,4.16,3.72
1662,5.008e-05,4.16,3.72
1663,5.012000000000001e-05,4.16,3.72
1664,5.016e-05,4.16,3.72
1665,5.020000000000001e-05,4.16,3.72
1666,5.024e-05,4.16,3.72
1667,5.0280000000000006e-05,4.16,3.72
1668,5.032e-05,4.16,3.72
1669,5.0360000000000006e-05,4.16,3.72
1670,5.04e-05,4.16,3.72
1671,5.0440000000000005e-05,4.16,3.72
1672,5.048e-05,4.16,3.72
1673,5.0520000000000004e-05,4.16,3.72
1674,5.056e-05,4.2,3.72
1675,5.0600000000000003e-05,4.16,3.72
1676,5.0639999999999996e-05,4.16,3.72
1677,5.068e-05,4.16,3.72
1678,5.072000000000001e-05,4.16,3.72
1679,5.076e-05,4.16,3.72
1680,5.080000000000001e-05,4.16,3.72
1681,5.084e-05,4.16,3.72
1682,5.088000000000001e-05,4.16,3.72
1683,5.092e-05,4.16,3.72
1684,5.096000000000001e-05,4.16,3.72
1685,5.1e-05,4.16,3.72
1686,5.1040000000000006e-05,4.16,3.72
1687,5.108e-05,4.16,3.72
1688,5.1120000000000005e-05,4.16,3.72
1689,5.116e-05,4.16,3.72
1690,5.1200000000000004e-05,4.16,3.72
1691,5.124e-05,4.16,3.72
1692,5.1280000000000004e-05,4.16,3.72
1693,5.1319999999999997e-05,4.16,3.72
1694,5.136e-05,4.16,3.72
1695,5.140000000000001e-05,4.16,3.72
1696,5.144e-05,4.16,3.72
1697,5.148000000000001e-05,4.16,3.72
1698,5.152e-05,4.16,3.72
1699,5.156000000000001e-05,4.16,3.72
1700,5.16e-05,4.16,3.72
1701,5.164000000000001e-05,4.16,3.72
1702,5.168e-05,4.2,3.72
1703,5.1720000000000006e-05,4.16,3.72
1704,5.176e-05,4.16,3.72
1705,5.1800000000000005e-05,4.16,3.72
1706,5.184e-05,4.16,3.72
1707,5.1880000000000005e-05,4.16,3.72
1708,5.192e-05,4.16,3.72
1709,5.1960000000000004e-05,4.16,3.72
1710,5.2e-05,4.16,3.72
1711,5.204e-05,4.16,3.72
1712,5.2079999999999996e-05,4.16,3.72
1713,5.212e-05,4.16,3.72
1714,5.216000000000001e-05,4.16,3.72
1715,5.22e-05,4.16,3.72
1716,5.224000000000001e-05,4.16,3.72
1717,5.228e-05,4.16,3.72
1718,5.232000000000001e-05,4.16,3.72
1719,5.236e-05,4.16,3.72
1720,5.2400000000000007e-05,4.16,3.72
1721,5.244e-05,4.16,3.72
1722,5.2480000000000006e-05,4.16,3.72
1723,5.252e-05,4.2,3.72
1724,5.2560000000000005e-05,4.16,3.72
1725,5.26e-05,4.16,3.72
1726,5.2640000000000004e-05,4.16,3.72
1727,5.268e-05,4.16,3.72
1728,5.2720000000000003e-05,4.16,3.72
1729,5.2759999999999996e-05,4.16,3.72
1730,5.28e-05,4.16,3.72
1731,5.284000000000001e-05,4.16,3.72
1732,5.288e-05,4.16,3.72
1733,5.292000000000001e-05,4.16,3.72
1734,5.296e-05,4.16,3.72
1735,5.300000000000001e-05,4.2,3.72
1736,5.304e-05,4.16,3.72
1737,5.308000000000001e-05,4.16,3.72
1738,5.312e-05,4.16,3.72
1739,5.3160000000000006e-05,4.16,3.72
1740,5.32e-05,4.16,3.72
1741,5.3240000000000005e-05,4.16,3.72
1742,5.328e-05,4.16,3.72
1743,5.3320000000000004e-05,4.16,3.72
1744,5.336e-05,4.16,3.72
1745,5.3400000000000004e-05,4.16,3.72
1746,5.3439999999999997e-05,4.16,3.72
1747,5.348e-05,4.2,3.72
1748,5.352000000000001e-05,4.16,3.72
1749,5.356e-05,4.16,3.72
1750,5.360000000000001e-05,4.16,3.72
1751,5.364e-05,4.16,3.72
1752,5.368000000000001e-05,4.16,3.72
1753,5.372e-05,4.16,3.72
1754,5.376000000000001e-05,4.2,3.72
1755,5.38e-05,4.16,3.72
1756,5.3840000000000006e-05,4.16,3.72
1757,5.388e-05,4.16,3.72
1758,5.3920000000000006e-05,4.16,3.72
1759,5.396e-05,4.16,3.72
1760,5.4000000000000005e-05,4.16,3.72
1761,5.404e-05,4.16,3.72
1762,5.4080000000000004e-05,4.16,3.72
1763,5.412e-05,4.16,3.72
1764,5.416e-05,4.16,3.72
1765,5.4199999999999996e-05,4.16,3.72
1766,5.424e-05,4.2,3.72
1767,5.428000000000001e-05,4.16,3.72
1768,5.432e-05,4.2,3.72
1769,5.436000000000001e-05,4.16,3.72
1770,5.44e-05,4.16,3.72
1771,5.444000000000001e-05,4.16,3.72
1772,5.448e-05,4.16,3.72
1773,5.4520000000000007e-05,4.2,3.72
1774,5.456e-05,4.16,3.72
1775,5.4600000000000006e-05,4.16,3.72
1776,5.464e-05,4.16,3.72
1777,5.4680000000000005e-05,4.16,3.72
1778,5.472e-05,4.16,3.72
1779,5.4760000000000004e-05,4.2,3.72
1780,5.48e-05,4.2,3.72
1781,5.4840000000000003e-05,4.16,3.72
1782,5.4879999999999996e-05,4.16,3.72
1783,5.492e-05,4.16,3.72
1784,5.496000000000001e-05,4.16,3.72
1785,5.5e-05,4.16,3.72
1786,5.504000000000001e-05,4.16,3.72
1787,5.508e-05,4.16,3.72
1788,5.512000000000001e-05,4.16,3.72
1789,5.516e-05,4.16,3.72
1790,5.520000000000001e-05,4.16,3.72
1791,5.524e-05,4.16,3.72
1792,5.5280000000000006e-05,4.16,3.72
1793,5.532e-05,4.16,3.72
1794,5.5360000000000005e-05,4.2,3.72
1795,5.54e-05,4.16,3.72
1796,5.5440000000000005e-05,4.16,3.72
1797,5.548e-05,4.16,3.72
1798,5.5520000000000004e-05,4.16,3.72
1799,5.5559999999999997e-05,4.16,3.72
1800,5.56e-05,4.16,3.72
1801,5.564000000000001e-05,4.2,3.72
1802,5.568e-05,4.16,3.72
1803,5.572000000000001e-05,4.16,3.72
1804,5.576e-05,4.16,3.72
1805,5.580000000000001e-05,4.16,3.72
1806,5.584e-05,4.16,3.72
1807,5.588000000000001e-05,4.16,3.72
1808,5.592e-05,4.2,3.72
1809,5.5960000000000006e-05,4.16,3.72
1810,5.6e-05,4.16,3.72
1811,5.6040000000000006e-05,4.16,3.72
1812,5.608e-05,4.16,3.72
1813,5.6120000000000005e-05,4.16,3.72
1814,5.616e-05,4.16,3.72
1815,5.6200000000000004e-05,4.16,3.72
1816,5.624e-05,4.16,3.72
1817,5.628e-05,4.16,3.72
1818,5.6319999999999996e-05,4.16,3.72
1819,5.636e-05,4.16,3.72
1820,5.640000000000001e-05,4.16,3.72
1821,5.644e-05,4.16,3.72
1822,5.648000000000001e-05,4.16,3.72
1823,5.652e-05,4.16,3.72
1824,5.656000000000001e-05,4.16,3.72
1825,5.66e-05,4.2,3.72
1826,5.6640000000000007e-05,4.16,3.72
1827,5.668e-05,4.2,3.72
1828,5.6720000000000006e-05,4.16,3.72
1829,5.676e-05,4.16,3.72
1830,5.6800000000000005e-05,4.16,3.72
1831,5.684e-05,4.16,3.72
1832,5.6880000000000004e-05,4.2,3.72
1833,5.692e-05,4.16,3.72
1834,5.6960000000000004e-05,4.2,3.72
1835,5.6999999999999996e-05,4.16,3.72
1836,5.704e-05,4.16,3.72
1837,5.708000000000001e-05,4.16,3.72
1838,5.712e-05,4.16,3.72
1839,5.716000000000001e-05,4.16,3.72
1840,5.72e-05,4.16,3.72
1841,5.724000000000001e-05,4.16,3.72
1842,5.728e-05,4.16,3.72
1843,5.732000000000001e-05,4.16,3.72
1844,5.736e-05,4.16,3.72
1845,5.7400000000000006e-05,4.2,3.72
1846,5.744e-05,4.2,3.72
1847,5.7480000000000005e-05,4.16,3.72
1848,5.752e-05,4.16,3.72
1849,5.7560000000000005e-05,4.16,3.72
1850,5.76e-05,4.16,3.72
1851,5.7640000000000004e-05,4.16,3.72
1852,5.768e-05,4.16,3.72
1853,5.772e-05,4.16,3.72
1854,5.776000000000001e-05,4.16,3.72
1855,5.78e-05,4.16,3.72
1856,5.784000000000001e-05,4.16,3.72
1857,5.788e-05,4.16,3.72
1858,5.792000000000001e-05,4.16,3.72
1859,5.796e-05,4.16,3.72
1860,5.800000000000001e-05,4.16,3.72
1861,5.804e-05,4.16,3.72
1862,5.8080000000000006e-05,4.16,3.72
1863,5.812e-05,4.16,3.72
1864,5.8160000000000006e-05,4.16,3.72
1865,5.82e-05,4.2,3.72
1866,5.8240000000000005e-05,4.16,3.72
1867,5.828e-05,4.16,3.72
1868,5.8320000000000004e-05,4.16,3.72
1869,5.836e-05,4.16,3.72
1870,5.84e-05,4.16,3.72
1871,5.8439999999999996e-05,4.16,3.72
1872,5.848e-05,4.2,3.72
1873,5.852000000000001e-05,4.16,3.72
1874,5.856e-05,4.16,3.72
1875,5.860000000000001e-05,4.16,3.72
1876,5.864e-05,4.16,3.72
1877,5.868000000000001e-05,4.16,3.72
1878,5.872e-05,4.16,3.72
1879,5.876000000000001e-05,4.2,3.72
1880,5.88e-05,4.16,3.72
1881,5.8840000000000006e-05,4.16,3.72
1882,5.888e-05,4.16,3.72
1883,5.8920000000000005e-05,4.16,3.72
1884,5.896e-05,4.16,3.72
1885,5.9000000000000004e-05,4.2,3.72
1886,5.904e-05,4.16,3.72
1887,5.9080000000000004e-05,4.16,3.72
1888,5.9119999999999996e-05,4.16,3.72
1889,5.916e-05,4.16,3.72
1890,5.920000000000001e-05,4.16,3.72
1891,5.924e-05,4.2,3.72
1892,5.928000000000001e-05,4.16,3.72
1893,5.932e-05,4.16,3.72
1894,5.936000000000001e-05,4.16,3.72
1895,5.94e-05,4.16,3.72
1896,5.944000000000001e-05,4.16,3.72
1897,5.948e-05,4.16,3.72
1898,5.9520000000000006e-05,4.2,3.72
1899,5.956e-05,4.16,3.72
1900,5.9600000000000005e-05,4.16,3.72
1901,5.964e-05,4.16,3.72
1902,5.9680000000000005e-05,4.16,3.72
1903,5.972e-05,4.16,3.72
1904,5.9760000000000004e-05,4.2,3.72
1905,5.98e-05,4.16,3.72
1906,5.984e-05,4.16,3.72
1907,5.988000000000001e-05,4.16,3.72
1908,5.992e-05,4.16,3.72
1909,5.996000000000001e-05,4.16,3.72
1910,6e-05,4.16,3.72
1911,6.004000000000001e-05,4.16,3.72
1912,6.008e-05,4.16,3.72
1913,6.012000000000001e-05,4.16,3.72
1914,6.016e-05,4.16,3.72
1915,6.0200000000000006e-05,4.16,3.72
1916,6.024e-05,4.16,3.72
1917,6.0280000000000006e-05,4.16,3.72
1918,6.032e-05,4.16,3.72
1919,6.0360000000000005e-05,4.16,3.72
1920,6.04e-05,4.16,3.72
1921,6.0440000000000004e-05,4.16,3.72
1922,6.048e-05,4.16,3.72
1923,6.052e-05,4.16,3.72
1924,6.0559999999999996e-05,4.16,3.72
1925,6.06e-05,4.16,3.72
1926,6.064000000000001e-05,4.16,3.72
1927,6.068e-05,4.16,3.72
1928,6.072000000000001e-05,4.16,3.72
1929,6.076e-05,4.16,3.72
1930,6.080000000000001e-05,4.16,3.72
1931,6.084e-05,4.16,3.72
1932,6.088000000000001e-05,4.16,3.72
1933,6.092e-05,4.16,3.72
1934,6.0960000000000006e-05,4.16,3.72
1935,6.1e-05,4.16,3.72
1936,6.104e-05,4.16,3.72
1937,6.108e-05,4.16,3.72
1938,6.112000000000001e-05,4.16,3.72
1939,6.115999999999999e-05,4.16,3.72
1940,6.12e-05,4.16,3.72
1941,6.124e-05,4.16,3.72
1942,6.128000000000001e-05,4.16,3.72
1943,6.132000000000002e-05,4.16,3.72
1944,6.136e-05,4.16,3.72
1945,6.14e-05,4.16,3.72
1946,6.144000000000001e-05,4.16,3.72
1947,6.148000000000001e-05,4.16,3.72
1948,6.152e-05,4.16,3.72
1949,6.156e-05,4.16,3.72
1950,6.16e-05,4.16,3.72
1951,6.164000000000001e-05,4.16,3.72
1952,6.167999999999999e-05,4.16,3.72
1953,6.172e-05,4.16,3.72
1954,6.176e-05,4.16,3.72
1955,6.180000000000001e-05,4.16,3.72
1956,6.183999999999999e-05,4.16,3.72
1957,6.188e-05,4.16,3.72
1958,6.192e-05,4.16,3.72
1959,6.196000000000001e-05,4.16,3.72
1960,6.200000000000002e-05,4.16,3.72
1961,6.204e-05,4.16,3.72
1962,6.208e-05,4.16,3.72
1963,6.212000000000001e-05,4.16,3.72
1964,6.216000000000001e-05,4.16,3.72
1965,6.22e-05,4.16,3.72
1966,6.224e-05,4.16,3.68
1967,6.228000000000001e-05,4.16,3.68
1968,6.232000000000001e-05,4.16,3.68
1969,6.235999999999999e-05,4.16,3.72
1970,6.24e-05,4.16,3.72
1971,6.244e-05,4.16,3.68
1972,6.248000000000001e-05,4.16,3.72
1973,6.251999999999999e-05,4.16,3.68
1974,6.256e-05,4.16,3.68
1975,6.26e-05,4.16,3.72
1976,6.264000000000001e-05,4.16,3.68
1977,6.267999999999999e-05,4.16,3.68
1978,6.272e-05,4.16,3.68
1979,6.276e-05,4.16,3.68
1980,6.280000000000001e-05,4.16,3.68
1981,6.284000000000001e-05,4.16,3.68
1982,6.288e-05,4.16,3.68
1983,6.292e-05,4.16,3.68
1984,6.296000000000001e-05,4.16,3.68
1985,6.300000000000001e-05,4.16,3.68
1986,6.303999999999999e-05,4.16,3.68
1987,6.308e-05,4.16,3.68
1988,6.312e-05,4.16,3.68
1989,6.316000000000001e-05,4.16,3.68
1990,6.319999999999999e-05,4.16,3.68
1991,6.324e-05,4.16,3.68
1992,6.328e-05,4.16,3.68
1993,6.332000000000001e-05,4.16,3.68
1994,6.335999999999999e-05,4.16,3.68
1995,6.34e-05,4.16,3.68
1996,6.344e-05,4.16,3.68
1997,6.348000000000001e-05,4.16,3.68
1998,6.352000000000002e-05,4.16,3.68
1999,6.356e-05,3.84,3.44
2000,6.36e-05,-0.64,-0.4
2001,6.364000000000001e-05,-1.84,-1.8
2002,6.368000000000001e-05,-1.84,-2.08
2003,6.371999999999999e-05,-1.84,-2.2
2004,6.376e-05,-1.84,-2.2800000000000002
2005,6.38e-05,-1.84,-2.2800000000000002
2006,6.384000000000001e-05,-1.84,-2.2800000000000002
2007,6.387999999999999e-05,-1.84,-2.2800000000000002
2008,6.392e-05,-1.84,-2.32
2009,6.396e-05,-1.84,-2.32
2010,6.400000000000001e-05,-1.84,-2.32
2011,6.403999999999999e-05,-1.84,-2.32
2012,6.408e-05,-1.84,-2.32
2013,6.412e-05,-1.84,-2.32
2014,6.416000000000001e-05,-1.84,-2.32
2015,6.420000000000002e-05,-1.84,-2.32
2016,6.424e-05,-1.84,-2.32
2017,6.428e-05,-1.84,-2.32
2018,6.432000000000001e-05,-1.84,-2.32
2019,6.436000000000001e-05,-1.84,-2.32
2020,6.44e-05,-1.84,-2.32
2021,6.444e-05,-1.84,-2.32
2022,6.448e-05,-1.84,-2.32
2023,6.452000000000001e-05,-1.84,-2.32
2024,6.455999999999999e-05,-1.84,-2.32
2025,6.46e-05,-1.84,-2.32
2026,6.464e-05,-1.84,-2.32
2027,6.468000000000001e-05,-1.84,-2.32
2028,6.471999999999999e-05,-1.84,-2.32
2029,6.476e-05,-1.84,-2.2800000000000002
2030,6.48e-05,-1.84,-2.32
2031,6.484000000000001e-05,-1.84,-2.2800000000000002
2032,6.488000000000002e-05,-1.84,-2.2800000000000002
2033,6.492e-05,-1.84,-2.2800000000000002
2034,6.496e-05,-1.84,-2.2800000000000002
2035,6.500000000000001e-05,-1.84,-2.2800000000000002
2036,6.504000000000001e-05,-1.84,-2.2800000000000002
2037,6.508e-05,-1.84,-2.2800000000000002
2038,6.512e-05,-1.84,-2.2800000000000002
2039,6.516e-05,-1.84,-2.2800000000000002
2040,6.520000000000001e-05,-1.84,-2.2800000000000002
2041,6.523999999999999e-05,-1.84,-2.2800000000000002
2042,6.528e-05,-1.84,-2.2800000000000002
2043,6.532e-05,-1.84,-2.2800000000000002
2044,6.536000000000001e-05,-1.84,-2.2800000000000002
2045,6.539999999999999e-05,-1.84,-2.2800000000000002
2046,6.544e-05,-1.84,-2.2800000000000002
2047,6.548e-05,-1.84,-2.2800000000000002
2048,6.552000000000001e-05,-1.84,-2.2800000000000002
2049,6.556000000000002e-05,-1.84,-2.2800000000000002
2050,6.56e-05,-1.84,-2.2800000000000002
2051,6.564e-05,-1.84,-2.2800000000000002
2052,6.568000000000001e-05,-1.84,-2.2800000000000002
2053,6.572000000000001e-05,-1.84,-2.2800000000000002
2054,6.576e-05,-1.84,-2.2800000000000002
2055,6.58e-05,-1.84,-2.2800000000000002
2056,6.584e-05,-1.84,-2.2800000000000002
2057,6.588000000000001e-05,-1.84,-2.2800000000000002
2058,6.591999999999999e-05,-1.84,-2.2800000000000002
2059,6.596e-05,-1.84,-2.2800000000000002
2060,6.6e-05,-1.84,-2.2800000000000002
2061,6.604000000000001e-05,-1.84,-2.2800000000000002
2062,6.607999999999999e-05,-1.84,-2.2800000000000002
2063,6.612e-05,-1.84,-2.2800000000000002
2064,6.616e-05,-1.84,-2.2800000000000002
2065,6.620000000000001e-05,-1.84,-2.2800000000000002
2066,6.624000000000002e-05,-1.84,-2.2800000000000002
2067,6.628e-05,-1.84,-2.2800000000000002
2068,6.632e-05,-1.84,-2.2800000000000002
2069,6.636000000000001e-05,-1.84,-2.2800000000000002
2070,6.640000000000001e-05,-1.84,-2.2800000000000002
2071,6.644e-05,-1.84,-2.2800000000000002
2072,6.648e-05,-1.84,-2.2800000000000002
2073,6.652000000000001e-05,-1.84,-2.2800000000000002
2074,6.656000000000001e-05,-1.84,-2.2800000000000002
2075,6.659999999999999e-05,-1.84,-2.2800000000000002
2076,6.664e-05,-1.84,-2.2800000000000002
2077,6.668e-05,-1.8800000000000001,-2.2800000000000002
2078,6.672000000000001e-05,-1.84,-2.2800000000000002
2079,6.675999999999999e-05,-1.8800000000000001,-2.2800000000000002
2080,6.68e-05,-1.8800000000000001,-2.2800000000000002
2081,6.684e-05,-1.8800000000000001,-2.2800000000000002
2082,6.688000000000001e-05,-1.8800000000000001,-2.2800000000000002
2083,6.691999999999999e-05,-1.8800000000000001,-2.2800000000000002
2084,6.696e-05,-1.8800000000000001,-2.2800000000000002
2085,6.7e-05,-1.8800000000000001,-2.2800000000000002
2086,6.704000000000001e-05,-1.8800000000000001,-2.24
2087,6.708000000000002e-05,-1.8800000000000001,-2.24
2088,6.712e-05,-1.8800000000000001,-2.24
2089,6.716e-05,-1.8800000000000001,-2.24
2090,6.720000000000001e-05,-1.8800000000000001,-2.24
2091,6.724000000000001e-05,-1.8800000000000001,-2.24
2092,6.727999999999999e-05,-1.8800000000000001,-2.24
2093,6.732e-05,-1.8800000000000001,-2.24
2094,6.736e-05,-1.8800000000000001,-2.24
2095,6.740000000000001e-05,-1.8800000000000001,-2.24
2096,6.743999999999999e-05,-1.8800000000000001,-2.24
2097,6.748e-05,-1.8800000000000001,-2.24
2098,6.752e-05,-1.8800000000000001,-2.24
2099,6.756000000000001e-05,-1.8800000000000001,-2.24
2100,6.759999999999999e-05,-1.8800000000000001,-2.24
2101,6.764e-05,-1.8800000000000001,-2.24
2102,6.768e-05,-1.8800000000000001,-2.24
2103,6.772000000000001e-05,-1.8800000000000001,-2.24
2104,6.776000000000002e-05,-1.8800000000000001,-2.24
2105,6.78e-05,-1.8800000000000001,-2.24
2106,6.784e-05,-1.8800000000000001,-2.24
2107,6.788000000000001e-05,-1.8800000000000001,-2.24
2108,6.792000000000001e-05,-1.8800000000000001,-2.24
2109,6.795999999999999e-05,-1.8800000000000001,-2.24
2110,6.8e-05,-1.8800000000000001,-2.24
2111,6.804e-05,-1.8800000000000001,-2.24
2112,6.808000000000001e-05,-1.8800000000000001,-2.24
2113,6.811999999999999e-05,-1.8800000000000001,-2.2
2114,6.816e-05,-1.8800000000000001,-2.2
2115,6.82e-05,-1.8800000000000001,-2.2
2116,6.824000000000001e-05,-1.8800000000000001,-2.2
2117,6.827999999999999e-05,-1.8800000000000001,-2.2
2118,6.832e-05,-1.8800000000000001,-2.2
2119,6.836e-05,-1.8800000000000001,-2.2
2120,6.840000000000001e-05,-1.8800000000000001,-2.2
2121,6.844000000000002e-05,-1.8800000000000001,-2.2
2122,6.848e-05,-1.8800000000000001,-2.2
2123,6.852e-05,-1.8800000000000001,-2.16
2124,6.856000000000001e-05,-1.8800000000000001,-2.16
2125,6.860000000000001e-05,-1.8800000000000001,-2.16
2126,6.864e-05,-1.8800000000000001,-2.16
2127,6.868e-05,-1.8800000000000001,-2.16
2128,6.872e-05,-1.8800000000000001,-2.12
2129,6.876000000000001e-05,-1.8800000000000001,-2.12
2130,6.879999999999999e-05,-1.8800000000000001,-2.12
2131,6.884e-05,-1.8800000000000001,-2.12
2132,6.888e-05,-1.8800000000000001,-2.08
2133,6.892000000000001e-05,-1.8800000000000001,-2.08
2134,6.895999999999999e-05,-1.8800000000000001,-2.08
2135,6.9e-05,-1.8800000000000001,-2.08
2136,6.904e-05,-1.8800000000000001,-2.04
2137,6.908000000000001e-05,-1.8800000000000001,-2.04
2138,6.912000000000002e-05,-1.8800000000000001,-2.04
2139,6.916e-05,-1.8800000000000001,-2.0
2140,6.92e-05,-1.8800000000000001,-2.0
2141,6.924000000000001e-05,-1.8800000000000001,-2.0
2142,6.928000000000001e-05,-1.8800000000000001,-1.96
2143,6.932e-05,-1.8800000000000001,-1.96
2144,6.936e-05,-1.8800000000000001,-1.96
2145,6.94e-05,-1.8800000000000001,-1.96
2146,6.944000000000001e-05,-1.8800000000000001,-1.92
2147,6.947999999999999e-05,-1.8800000000000001,-1.92
2148,6.952e-05,-1.8800000000000001,-1.92
2149,6.956e-05,-1.8800000000000001,-1.8800000000000001
2150,6.960000000000001e-05,-1.8800000000000001,-1.8800000000000001
2151,6.963999999999999e-05,-1.8800000000000001,-1.8800000000000001
2152,6.968e-05,-1.8800000000000001,-1.84
2153,6.972e-05,-1.8800000000000001,-1.84
2154,6.976000000000001e-05,-1.8800000000000001,-1.84
2155,6.980000000000002e-05,-1.8800000000000001,-1.8
2156,6.984e-05,-1.8800000000000001,-1.8
2157,6.988e-05,-1.8800000000000001,-1.8
2158,6.992000000000001e-05,-1.8800000000000001,-1.76
2159,6.996000000000001e-05,-1.8800000000000001,-1.76
2160,7e-05,-1.8800000000000001,-1.76
2161,7.004e-05,-1.8800000000000001,-1.72
2162,7.008e-05,-1.8800000000000001,-1.72
2163,7.012000000000001e-05,-1.8800000000000001,-1.72
2164,7.015999999999999e-05,-1.8800000000000001,-1.68
2165,7.02e-05,-1.8800000000000001,-1.68
2166,7.024e-05,-1.8800000000000001,-1.68
2167,7.028000000000001e-05,-1.8800000000000001,-1.6400000000000001
2168,7.031999999999999e-05,-1.8800000000000001,-1.6400000000000001
2169,7.036e-05,-1.8800000000000001,-1.6400000000000001
2170,7.04e-05,-1.8800000000000001,-1.6
2171,7.044000000000001e-05,-1.8800000000000001,-1.6
2172,7.048000000000002e-05,-1.8800000000000001,-1.6
2173,7.052e-05,-1.8800000000000001,-1.56
2174,7.056e-05,-1.8800000000000001,-1.56
2175,7.060000000000001e-05,-1.8800000000000001,-1.56
2176,7.064000000000001e-05,-1.8800000000000001,-1.52
2177,7.068e-05,-1.8800000000000001,-1.52
2178,7.072e-05,-1.8800000000000001,-1.52
2179,7.076000000000001e-05,-1.8800000000000001,-1.52
2180,7.080000000000001e-05,-1.8800000000000001,-1.48
2181,7.083999999999999e-05,-1.8800000000000001,-1.48
2182,7.088e-05,-1.8800000000000001,-1.48
2183,7.092e-05,-1.8800000000000001,-1.44
2184,7.096000000000001e-05,-1.8800000000000001,-1.44
2185,7.099999999999999e-05,-1.8800000000000001,-1.44
2186,7.104e-05,-1.8800000000000001,-1.4000000000000001
2187,7.108e-05,-1.8800000000000001,-1.4000000000000001
2188,7.112000000000001e-05,-1.8800000000000001,-1.4000000000000001
2189,7.115999999999999e-05,-1.8800000000000001,-1.4000000000000001
2190,7.12e-05,-1.8800000000000001,-1.36
2191,7.124e-05,-1.8800000000000001,-1.36
2192,7.128000000000001e-05,-1.8800000000000001,-1.36
2193,7.132000000000002e-05,-1.8800000000000001,-1.32
2194,7.136e-05,-1.8800000000000001,-1.32
2195,7.14e-05,-1.8800000000000001,-1.32
2196,7.144000000000001e-05,-1.8800000000000001,-1.32
2197,7.148000000000001e-05,-1.8800000000000001,-1.28
2198,7.151999999999999e-05,-1.8800000000000001,-1.28
2199,7.156e-05,-1.8800000000000001,-1.28
2200,7.16e-05,-1.8800000000000001,-1.24
2201,7.164000000000001e-05,-1.8800000000000001,-1.24
2202,7.167999999999999e-05,-1.8800000000000001,-1.24
2203,7.172e-05,-1.8800000000000001,-1.24
2204,7.176e-05,-1.8800000000000001,-1.2
2205,7.180000000000001e-05,-1.8800000000000001,-1.2
2206,7.183999999999999e-05,-1.8800000000000001,-1.2
2207,7.188e-05,-1.8800000000000001,-1.2
2208,7.192e-05,-1.8800000000000001,-1.16
2209,7.196000000000001e-05,-1.8800000000000001,-1.16
2210,7.200000000000002e-05,-1.8800000000000001,-1.16
2211,7.204e-05,-1.8800000000000001,-1.12
2212,7.208e-05,-1.8800000000000001,-1.12
2213,7.212000000000001e-05,-1.8800000000000001,-1.12
2214,7.216000000000001e-05,-1.8800000000000001,-1.12
2215,7.219999999999999e-05,-1.8800000000000001,-1.08
2216,7.224e-05,-1.8800000000000001,-1.08
2217,7.228e-05,-1.8800000000000001,-1.08
2218,7.232000000000001e-05,-1.8800000000000001,-1.08
2219,7.235999999999999e-05,-1.8800000000000001,-1.04
2220,7.24e-05,-1.8800000000000001,-1.04
2221,7.244e-05,-1.8800000000000001,-1.04
2222,7.248000000000001e-05,-1.8800000000000001,-1.04
2223,7.251999999999999e-05,-1.8800000000000001,-1.0
2224,7.256e-05,-1.8800000000000001,-1.0
2225,7.26e-05,-1.8800000000000001,-1.0
2226,7.264000000000001e-05,-1.8800000000000001,-1.0
2227,7.268000000000002e-05,-1.8800000000000001,-0.96
2228,7.272e-05,-1.8800000000000001,-0.96
2229,7.276e-05,-1.8800000000000001,-0.96
2230,7.280000000000001e-05,-1.8800000000000001,-0.96
2231,7.284000000000001e-05,-1.8800000000000001,-0.96
2232,7.288e-05,-1.8800000000000001,-0.92
2233,7.292e-05,-1.8800000000000001,-0.92
2234,7.296e-05,-1.8800000000000001,-0.92
2235,7.300000000000001e-05,-1.8800000000000001,-0.92
2236,7.303999999999999e-05,-1.8800000000000001,-0.88
2237,7.308e-05,-1.8800000000000001,-0.88
2238,7.312e-05,-1.8800000000000001,-0.88
2239,7.316000000000001e-05,-1.8800000000000001,-0.88
2240,7.319999999999999e-05,-1.8800000000000001,-0.88
2241,7.324e-05,-1.8800000000000001,-0.84
2242,7.328e-05,-1.92,-0.84
2243,7.332000000000001e-05,-1.8800000000000001,-0.84
2244,7.336000000000002e-05,-1.8800000000000001,-0.84
2245,7.34e-05,-1.8800000000000001,-0.84
2246,7.344e-05,-1.92,-0.8
2247,7.348000000000001e-05,-1.92,-0.8
2248,7.352000000000001e-05,-1.8800000000000001,-0.8
2249,7.356e-05,-1.92,-0.8
2250,7.36e-05,-1.92,-0.8
2251,7.364e-05,-1.8800000000000001,-0.76
2252,7.368000000000001e-05,-1.8800000000000001,-0.76
2253,7.371999999999999e-05,-1.92,-0.76
2254,7.376e-05,-1.92,-0.76
2255,7.38e-05,-1.8800000000000001,-0.76
2256,7.384000000000001e-05,-1.92,-0.76
2257,7.387999999999999e-05,-1.8800000000000001,-0.72
2258,7.392e-05,-1.92,-0.72
2259,7.396e-05,-1.8800000000000001,-0.72
2260,7.400000000000001e-05,-1.8800000000000001,-0.72
2261,7.404000000000002e-05,-1.8800000000000001,-0.72
2262,7.408e-05,-1.92,-0.68
2263,7.412e-05,-1.92,-0.68
2264,7.416000000000001e-05,-1.8800000000000001,-0.68
2265,7.420000000000001e-05,-1.92,-0.68
2266,7.424e-05,-1.92,-0.68
2267,7.428e-05,-1.92,-0.68
2268,7.432e-05,-1.92,-0.68
2269,7.436000000000001e-05,-1.8800000000000001,-0.64
2270,7.439999999999999e-05,-1.92,-0.64
2271,7.444e-05,-1.92,-0.64
2272,7.448e-05,-1.8800000000000001,-0.64
2273,7.452000000000001e-05,-1.92,-0.64
2274,7.455999999999999e-05,-1.92,-0.64
2275,7.46e-05,-1.92,-0.6
2276,7.464e-05,-1.8800000000000001,-0.6
2277,7.468000000000001e-05,-1.92,-0.6
2278,7.472000000000002e-05,-1.8800000000000001,-0.6
2279,7.476e-05,-1.8800000000000001,-0.6
2280,7.48e-05,-1.92,-0.6
2281,7.484000000000001e-05,-1.8800000000000001,-0.56
2282,7.488000000000001e-05,-1.92,-0.56
2283,7.492e-05,-1.8800000000000001,-0.56
2284,7.496e-05,-1.92,-0.56
2285,7.500000000000001e-05,-1.92,-0.56
2286,7.504000000000001e-05,-1.92,-0.56
2287,7.507999999999999e-05,-1.92,-0.56
2288,7.512e-05,-1.8800000000000001,-0.56
2289,7.516e-05,-1.92,-0.52
2290,7.520000000000001e-05,-1.92,-0.52
2291,7.523999999999999e-05,-1.92,-0.52
2292,7.528e-05,-1.92,-0.52
2293,7.532e-05,-1.92,-0.52
2294,7.536000000000001e-05,-1.92,-0.52
2295,7.539999999999999e-05,-1.8800000000000001,-0.52
2296,7.544e-05,-1.92,-0.48
2297,7.548e-05,-1.92,-0.48
2298,7.552000000000001e-05,-1.92,-0.48
2299,7.556000000000002e-05,-1.8800000000000001,-0.48
2300,7.56e-05,-1.92,-0.48
2301,7.564e-05,-1.92,-0.48
2302,7.568000000000001e-05,-1.92,-0.48
2303,7.572000000000001e-05,-1.92,-0.48
2304,7.575999999999999e-05,-1.92,-0.48
2305,7.58e-05,-1.92,-0.44
2306,7.584e-05,-1.92,-0.44
2307,7.588000000000001e-05,-1.92,-0.44
2308,7.591999999999999e-05,-1.92,-0.44
2309,7.596e-05,-1.92,-0.44
2310,7.6e-05,-1.92,-0.44
2311,7.604000000000001e-05,-1.92,-0.44
2312,7.607999999999999e-05,-1.92,-0.44
2313,7.612e-05,-1.92,-0.4
2314,7.616e-05,-1.92,-0.4
2315,7.620000000000001e-05,-1.92,-0.4
2316,7.624000000000002e-05,-1.92,-0.4
2317,7.628e-05,-1.92,-0.4
2318,7.632e-05,-1.92,-0.4
2319,7.636000000000001e-05,-1.92,-0.4
2320,7.640000000000001e-05,-1.92,-0.4
2321,7.643999999999999e-05,-1.92,-0.4
2322,7.648e-05,-1.92,-0.4
2323,7.652e-05,-1.92,-0.36
2324,7.656000000000001e-05,-1.92,-0.36
2325,7.659999999999999e-05,-1.92,-0.36
2326,7.664e-05,-1.92,-0.36
2327,7.668e-05,-1.92,-0.36
2328,7.672000000000001e-05,-1.92,-0.36
2329,7.675999999999999e-05,-1.92,-0.36
2330,7.68e-05,-1.92,-0.36
2331,7.684e-05,-1.92,-0.36
2332,7.688000000000001e-05,-1.92,-0.36
2333,7.692000000000002e-05,-1.92,-0.36
2334,7.696e-05,-1.92,-0.32
2335,7.7e-05,-1.92,-0.32
2336,7.704000000000001e-05,-1.92,-0.32
2337,7.708000000000001e-05,-1.92,-0.32
2338,7.712e-05,-1.92,-0.32
2339,7.716e-05,-1.92,-0.32
2340,7.72e-05,-1.92,-0.32
2341,7.724000000000001e-05,-1.92,-0.32
2342,7.727999999999999e-05,-1.92,-0.32
2343,7.732e-05,-1.92,-0.32
2344,7.736e-05,-1.92,-0.32
2345,7.740000000000001e-05,-1.92,-0.32
2346,7.743999999999999e-05,-1.92,-0.28
2347,7.748e-05,-1.92,-0.28
2348,7.752e-05,-1.92,-0.28
2349,7.756000000000001e-05,-1.92,-0.28
2350,7.760000000000002e-05,-1.92,-0.28
2351,7.764e-05,-1.92,-0.28
2352,7.768e-05,-1.92,-0.28
2353,7.772000000000001e-05,-1.92,-0.28
2354,7.776000000000001e-05,-1.92,-0.28
2355,7.78e-05,-1.92,-0.28
2356,7.784e-05,-1.92,-0.28
2357,7.788e-05,-1.92,-0.28
2358,7.792000000000001e-05,-1.92,-0.28
2359,7.795999999999999e-05,-1.92,-0.28
2360,7.8e-05,-1.92,-0.24
2361,7.804e-05,-1.92,-0.24
2362,7.808000000000001e-05,-1.92,-0.24
2363,7.811999999999999e-05,-1.92,-0.24
2364,7.816e-05,-1.92,-0.24
2365,7.82e-05,-1.92,-0.24
2366,7.824000000000001e-05,-1.92,-0.24
2367,7.828000000000002e-05,-1.92,-0.24
2368,7.832e-05,-1.92,-0.24
2369,7.836e-05,-1.92,-0.24
2370,7.840000000000001e-05,-1.92,-0.24
2371,7.844000000000001e-05,-1.92,-0.24
2372,7.848e-05,-1.92,-0.24
2373,7.852e-05,-1.92,-0.24
2374,7.856000000000001e-05,-1.92,-0.24
2375,7.860000000000001e-05,-1.92,-0.24
2376,7.863999999999999e-05,-1.92,-0.24
2377,7.868e-05,-1.92,-0.2
2378,7.872e-05,-1.92,-0.2
2379,7.876000000000001e-05,-1.92,-0.2
2380,7.879999999999999e-05,-1.92,-0.2
2381,7.884e-05,-1.92,-0.2
2382,7.888e-05,-1.92,-0.2
2383,7.892000000000001e-05,-1.92,-0.2
2384,7.896000000000002e-05,-1.92,-0.2
2385,7.9e-05,-1.92,-0.2
2386,7.904e-05,-1.92,-0.2
2387,7.908000000000001e-05,-1.92,-0.2
2388,7.912000000000001e-05,-1.92,-0.2
2389,7.916e-05,-1.92,-0.2
2390,7.92e-05,-1.92,-0.2
2391,7.924000000000001e-05,-1.92,-0.2
2392,7.928000000000001e-05,-1.92,-0.2
2393,7.931999999999999e-05,-1.92,-0.2
2394,7.936e-05,-1.92,-0.2
2395,7.94e-05,-1.92,-0.2
2396,7.944000000000001e-05,-1.92,-0.16
2397,7.947999999999999e-05,-1.92,-0.16
2398,7.952e-05,-1.92,-0.16
2399,7.956e-05,-1.92,-0.16
2400,7.960000000000001e-05,-1.92,-0.16
2401,7.963999999999999e-05,-1.92,-0.16
2402,7.968e-05,-1.92,-0.16
2403,7.972e-05,-1.92,-0.16
2404,7.976000000000001e-05,-1.92,-0.16
2405,7.980000000000002e-05,-1.92,-0.16
2406,7.984e-05,-1.92,-0.16
2407,7.988e-05,-1.92,-0.16
2408,7.992000000000001e-05,-1.92,-0.16
2409,7.996000000000001e-05,-1.92,-0.16
2410,7.999999999999999e-05,-1.92,-0.16
2411,8.004e-05,-1.92,-0.16
2412,8.008e-05,-1.92,-0.16
2413,8.012000000000001e-05,-1.92,-0.16
2414,8.015999999999999e-05,-1.92,-0.16
2415,8.02e-05,-1.92,-0.16
2416,8.024e-05,-1.92,-0.16
2417,8.028000000000001e-05,-1.92,-0.16
2418,8.031999999999999e-05,-1.92,-0.16
2419,8.036e-05,-1.92,-0.16
2420,8.04e-05,-1.92,-0.16
2421,8.044000000000001e-05,-1.92,-0.12
2422,8.048000000000002e-05,-1.92,-0.12
2423,8.052e-05,-1.92,-0.12
2424,8.056e-05,-1.92,-0.12
2425,8.060000000000001e-05,-1.92,-0.12
2426,8.064000000000001e-05,-1.92,-0.12
2427,8.068e-05,-1.92,-0.12
2428,8.072e-05,-1.92,-0.12
2429,8.076e-05,-1.92,-0.12
2430,8.080000000000001e-05,-1.92,-0.12
2431,8.083999999999999e-05,-1.92,-0.12
2432,8.088e-05,-1.92,-0.12
2433,8.092e-05,-1.92,-0.12
2434,8.096000000000001e-05,-1.92,-0.12
2435,8.099999999999999e-05,-1.92,-0.12
2436,8.104e-05,-1.92,-0.12
2437,8.108e-05,-1.92,-0.12
2438,8.112000000000001e-05,-1.92,-0.12
2439,8.116000000000002e-05,-1.92,-0.12
2440,8.12e-05,-1.92,-0.12
2441,8.124e-05,-1.92,-0.12
2442,8.128000000000001e-05,-1.92,-0.12
2443,8.132000000000001e-05,-1.92,-0.12
2444,8.136e-05,-1.92,-0.12
2445,8.14e-05,-1.92,-0.12
2446,8.144e-05,-1.92,-0.12
2447,8.148000000000001e-05,-1.92,-0.12
2448,8.151999999999999e-05,-1.92,-0.12
2449,8.156e-05,-1.92,-0.12
2450,8.16e-05,-1.92,-0.12
2451,8.164000000000001e-05,-1.92,-0.12
2452,8.167999999999999e-05,-1.92,-0.12
2453,8.172e-05,-1.92,-0.12
2454,8.176e-05,-1.92,-0.08
2455,8.180000000000001e-05,-1.92,-0.08
2456,8.184000000000002e-05,-1.92,-0.08
2457,8.188e-05,-1.92,-0.08
2458,8.192e-05,-1.92,-0.08
2459,8.196000000000001e-05,-1.92,-0.08
2460,8.200000000000001e-05,-1.92,-0.08
2461,8.204e-05,-1.92,-0.08
2462,8.208e-05,-1.92,-0.08
2463,8.212e-05,-1.92,-0.08
2464,8.216000000000001e-05,-1.92,-0.08
2465,8.219999999999999e-05,-1.92,-0.08
2466,8.224e-05,-1.92,-0.08
2467,8.228e-05,-1.92,-0.08
2468,8.232000000000001e-05,-1.92,-0.08
2469,8.235999999999999e-05,-1.92,-0.08
2470,8.24e-05,-1.92,-0.08
2471,8.244e-05,-1.92,-0.08
2472,8.248000000000001e-05,-1.92,-0.08
2473,8.252000000000002e-05,-1.92,-0.08
2474,8.256e-05,-1.92,-0.08
2475,8.26e-05,-1.92,-0.08
2476,8.264000000000001e-05,-1.92,-0.08
2477,8.268000000000001e-05,-1.92,-0.08
2478,8.272e-05,-1.92,-0.08
2479,8.276e-05,-1.92,-0.08
2480,8.280000000000001e-05,-1.92,-0.08
2481,8.284000000000001e-05,-1.92,-0.08
2482,8.287999999999999e-05,-1.92,-0.08
2483,8.292e-05,-1.92,-0.08
2484,8.296e-05,-1.92,-0.08
2485,8.300000000000001e-05,-1.92,-0.08
2486,8.303999999999999e-05,-1.92,-0.08
2487,8.308e-05,-1.92,-0.08
2488,8.312e-05,-1.92,-0.08
2489,8.316000000000001e-05,-1.92,-0.08
2490,8.320000000000002e-05,-1.92,-0.08
2491,8.324e-05,-1.92,-0.08
2492,8.328e-05,-1.92,-0.08
2493,8.332000000000001e-05,-1.92,-0.08
2494,8.336000000000002e-05,-1.92,-0.08
2495,8.34e-05,-1.92,-0.08
2496,8.344e-05,-1.92,-0.08
2497,8.348000000000001e-05,-1.92,-0.08
2498,8.352000000000001e-05,-1.92,-0.08
2499,8.355999999999999e-05,-1.92,-0.08
