,time (s),Channel 1 (V),Channel 2 (V)
0,-0.0252,0.24,0.98
1,-0.02518,0.24,0.98
2,-0.025160000000000002,0.22,0.98
3,-0.02514,0.2,0.98
4,-0.02512,0.2,0.98
5,-0.0251,0.18,0.98
6,-0.02508,0.18,0.98
7,-0.02506,0.16,0.98
8,-0.02504,0.16,0.98
9,-0.02502,0.14,0.98
10,-0.025,0.12,0.98
11,-0.02498,0.12,0.98
12,-0.02496,0.1,0.98
13,-0.02494,0.1,0.98
14,-0.02492,0.08,0.98
15,-0.0249,0.06,0.98
16,-0.02488,0.06,0.98
17,-0.02486,0.06,0.98
18,-0.02484,0.04,0.96
19,-0.024820000000000002,0.02,0.96
20,-0.0248,0.02,0.96
21,-0.02478,0.0,0.96
22,-0.02476,0.0,0.96
23,-0.02474,-0.02,0.96
24,-0.02472,-0.04,0.96
25,-0.0247,-0.04,0.96
26,-0.02468,-0.06,0.96
27,-0.02466,-0.06,0.96
28,-0.02464,-0.08,0.96
29,-0.02462,-0.08,0.96
30,-0.0246,-0.1,0.96
31,-0.02458,-0.12,0.96
32,-0.02456,-0.12,0.96
33,-0.02454,-0.14,0.96
34,-0.02452,-0.14,0.96
35,-0.0245,-0.16,0.96
36,-0.024480000000000002,-0.18,0.96
37,-0.02446,-0.18,0.96
38,-0.02444,-0.18,0.96
39,-0.02442,-0.2,0.96
40,-0.0244,-0.22,0.96
41,-0.02438,-0.22,0.96
42,-0.02436,-0.24,0.96
43,-0.02434,-0.24,0.96
44,-0.02432,-0.26,0.96
45,-0.0243,-0.26,0.9400000000000001
46,-0.02428,-0.28,0.96
47,-0.02426,-0.28,0.9400000000000001
48,-0.02424,-0.3,0.9400000000000001
49,-0.02422,-0.32,0.9400000000000001
50,-0.0242,-0.32,0.9400000000000001
51,-0.02418,-0.34,0.9400000000000001
52,-0.02416,-0.34,0.9400000000000001
53,-0.02414,-0.36,0.9400000000000001
54,-0.02412,-0.36,0.9400000000000001
55,-0.0241,-0.38,0.9400000000000001
56,-0.02408,-0.38,0.9400000000000001
57,-0.02406,-0.4,0.9400000000000001
58,-0.02404,-0.4,0.9400000000000001
59,-0.02402,-0.42,0.9400000000000001
60,-0.024,-0.42,0.9400000000000001
61,-0.02398,-0.44,0.9400000000000001
62,-0.02396,-0.44,0.9400000000000001
63,-0.02394,-0.46,0.9400000000000001
64,-0.02392,-0.46,0.9400000000000001
65,-0.0239,-0.48,0.9400000000000001
66,-0.02388,-0.48,0.9400000000000001
67,-0.02386,-0.5,0.9400000000000001
68,-0.02384,-0.52,0.9400000000000001
69,-0.02382,-0.52,0.9400000000000001
70,-0.0238,-0.54,0.9400000000000001
71,-0.02378,-0.54,0.9400000000000001
72,-0.02376,-0.56,0.92
73,-0.02374,-0.56,0.92
74,-0.02372,-0.58,0.92
75,-0.0237,-0.58,0.92
76,-0.02368,-0.6,0.92
77,-0.02366,-0.6,0.92
78,-0.02364,-0.62,0.92
79,-0.02362,-0.62,0.92
80,-0.0236,-0.62,0.92
81,-0.02358,-0.64,0.92
82,-0.02356,-0.64,0.92
83,-0.02354,-0.66,0.92
84,-0.02352,-0.66,0.92
85,-0.0235,-0.68,0.92
86,-0.02348,-0.68,0.92
87,-0.02346,-0.7000000000000001,0.92
88,-0.02344,-0.7000000000000001,0.92
89,-0.02342,-0.72,0.92
90,-0.0234,-0.72,0.92
91,-0.02338,-0.74,0.92
92,-0.02336,-0.74,0.92
93,-0.02334,-0.76,0.92
94,-0.02332,-0.76,0.9
95,-0.0233,-0.78,0.92
96,-0.02328,-0.78,0.92
97,-0.02326,-0.78,0.9
98,-0.02324,-0.8,0.9
99,-0.02322,-0.8,0.9
100,-0.0232,-0.8200000000000001,0.9
101,-0.02318,-0.8200000000000001,0.9
102,-0.02316,-0.84,0.9
103,-0.02314,-0.84,0.9
104,-0.02312,-0.86,0.9
105,-0.0231,-0.86,0.9
106,-0.02308,-0.86,0.9
107,-0.02306,-0.88,0.9
108,-0.02304,-0.88,0.9
109,-0.02302,-0.9,0.9
110,-0.023,-0.9,0.9
111,-0.02298,-0.9,0.9
112,-0.02296,-0.92,0.9
113,-0.02294,-0.92,0.9
114,-0.02292,-0.9400000000000001,0.9
115,-0.0229,-0.9400000000000001,0.9
116,-0.02288,-0.96,0.9
117,-0.02286,-0.96,0.9
118,-0.02284,-0.96,0.9
119,-0.02282,-0.98,0.9
120,-0.0228,-0.98,0.9
121,-0.02278,-0.98,0.9
122,-0.02276,-1.0,0.9
123,-0.02274,-1.0,0.9
124,-0.02272,-1.0,0.9
125,-0.0227,-1.02,0.9
126,-0.02268,-1.02,0.9
127,-0.02266,-1.04,0.9
128,-0.02264,-1.04,0.9
129,-0.02262,-1.04,0.9
130,-0.0226,-1.06,0.9
131,-0.02258,-1.06,0.88
132,-0.02256,-1.06,0.88
133,-0.02254,-1.08,0.88
134,-0.02252,-1.08,0.88
135,-0.0225,-1.1,0.88
136,-0.02248,-1.1,0.88
137,-0.02246,-1.1,0.88
138,-0.02244,-1.1,0.88
139,-0.02242,-1.12,0.88
140,-0.0224,-1.12,0.88
141,-0.02238,-1.12,0.88
142,-0.02236,-1.1400000000000001,0.88
143,-0.02234,-1.1400000000000001,0.88
144,-0.02232,-1.1400000000000001,0.88
145,-0.0223,-1.1400000000000001,0.88
146,-0.02228,-1.16,0.88
147,-0.02226,-1.16,0.88
148,-0.02224,-1.16,0.88
149,-0.02222,-1.18,0.88
150,-0.0222,-1.18,0.88
151,-0.02218,-1.18,0.88
152,-0.02216,-1.18,0.88
153,-0.02214,-1.2,0.88
154,-0.02212,-1.2,0.88
155,-0.0221,-1.2,0.88
156,-0.02208,-1.2,0.88
157,-0.02206,-1.22,0.88
158,-0.02204,-1.22,0.88
159,-0.02202,-1.22,0.86
160,-0.022,-1.22,0.86
161,-0.02198,-1.24,0.86
162,-0.02196,-1.24,0.86
163,-0.02194,-1.24,0.86
164,-0.02192,-1.24,0.86
165,-0.0219,-1.26,0.86
166,-0.02188,-1.26,0.86
167,-0.02186,-1.26,0.86
168,-0.02184,-1.26,0.86
169,-0.02182,-1.28,0.86
170,-0.0218,-1.28,0.86
171,-0.02178,-1.28,0.86
172,-0.02176,-1.28,0.86
173,-0.02174,-1.28,0.86
174,-0.02172,-1.28,0.86
175,-0.0217,-1.3,0.86
176,-0.02168,-1.3,0.86
177,-0.02166,-1.3,0.86
178,-0.02164,-1.3,0.86
179,-0.02162,-1.3,0.86
180,-0.0216,-1.3,0.86
181,-0.02158,-1.3,0.86
182,-0.02156,-1.32,0.86
183,-0.02154,-1.32,0.86
184,-0.02152,-1.32,0.86
185,-0.0215,-1.32,0.86
186,-0.02148,-1.32,0.84
187,-0.02146,-1.32,0.84
188,-0.02144,-1.34,0.84
189,-0.02142,-1.34,0.84
190,-0.0214,-1.34,0.84
191,-0.02138,-1.34,0.84
192,-0.02136,-1.34,0.84
193,-0.02134,-1.34,0.84
194,-0.02132,-1.34,0.84
195,-0.0213,-1.34,0.84
196,-0.02128,-1.34,0.84
197,-0.02126,-1.34,0.84
198,-0.021240000000000002,-1.36,0.84
199,-0.02122,-1.36,0.84
200,-0.0212,-1.36,0.84
201,-0.02118,-1.36,0.84
202,-0.021159999999999998,-1.36,0.84
203,-0.02114,-1.36,0.84
204,-0.02112,-1.36,0.84
205,-0.0211,-1.36,0.84
206,-0.02108,-1.36,0.84
207,-0.02106,-1.36,0.84
208,-0.02104,-1.36,0.84
209,-0.02102,-1.36,0.84
210,-0.020999999999999998,-1.36,0.84
211,-0.02098,-1.36,0.84
212,-0.02096,-1.36,0.84
213,-0.02094,-1.36,0.84
214,-0.02092,-1.36,0.84
215,-0.020900000000000002,-1.3800000000000001,0.8200000000000001
216,-0.02088,-1.3800000000000001,0.8200000000000001
217,-0.02086,-1.36,0.8200000000000001
218,-0.02084,-1.36,0.84
219,-0.020819999999999998,-1.3800000000000001,0.8200000000000001
220,-0.0208,-1.3800000000000001,0.8200000000000001
221,-0.02078,-1.3800000000000001,0.8200000000000001
222,-0.02076,-1.3800000000000001,0.8200000000000001
223,-0.02074,-1.36,0.8200000000000001
224,-0.02072,-1.3800000000000001,0.8200000000000001
225,-0.0207,-1.3800000000000001,0.8200000000000001
226,-0.02068,-1.36,0.8200000000000001
227,-0.020659999999999998,-1.36,0.8200000000000001
228,-0.02064,-1.36,0.8200000000000001
229,-0.02062,-1.36,0.8200000000000001
230,-0.0206,-1.36,0.8200000000000001
231,-0.02058,-1.36,0.8200000000000001
232,-0.020560000000000002,-1.36,0.8200000000000001
233,-0.02054,-1.36,0.8200000000000001
234,-0.02052,-1.36,0.8200000000000001
235,-0.0205,-1.36,0.8200000000000001
236,-0.020479999999999998,-1.36,0.8200000000000001
237,-0.02046,-1.36,0.8200000000000001
238,-0.02044,-1.36,0.8200000000000001
239,-0.02042,-1.36,0.8200000000000001
240,-0.0204,-1.34,0.8200000000000001
241,-0.02038,-1.34,0.8200000000000001
242,-0.02036,-1.34,0.8200000000000001
243,-0.02034,-1.34,0.8200000000000001
244,-0.020319999999999998,-1.34,0.8
245,-0.0203,-1.34,0.8
246,-0.02028,-1.34,0.8
247,-0.02026,-1.34,0.8
248,-0.02024,-1.34,0.8
249,-0.020220000000000002,-1.34,0.8
250,-0.0202,-1.32,0.8
251,-0.02018,-1.32,0.8
252,-0.02016,-1.32,0.8
253,-0.020139999999999998,-1.32,0.8
254,-0.02012,-1.32,0.8
255,-0.0201,-1.32,0.8
256,-0.02008,-1.3,0.8
257,-0.02006,-1.3,0.8
258,-0.02004,-1.3,0.8
259,-0.02002,-1.3,0.8
260,-0.02,-1.3,0.8
261,-0.019979999999999998,-1.3,0.8
262,-0.01996,-1.3,0.8
263,-0.01994,-1.28,0.8
264,-0.01992,-1.28,0.8
265,-0.0199,-1.28,0.8
266,-0.019880000000000002,-1.28,0.8
267,-0.01986,-1.28,0.8
268,-0.01984,-1.28,0.8
269,-0.01982,-1.26,0.8
270,-0.019799999999999998,-1.26,0.8
271,-0.01978,-1.26,0.8
272,-0.01976,-1.26,0.8
273,-0.01974,-1.24,0.8
274,-0.01972,-1.24,0.8
275,-0.0197,-1.24,0.8
276,-0.01968,-1.24,0.8
277,-0.01966,-1.24,0.8
278,-0.019639999999999998,-1.22,0.8
279,-0.01962,-1.22,0.78
280,-0.0196,-1.22,0.78
281,-0.01958,-1.2,0.78
282,-0.01956,-1.2,0.78
283,-0.019540000000000002,-1.2,0.78
284,-0.01952,-1.2,0.78
285,-0.0195,-1.2,0.78
286,-0.01948,-1.18,0.78
287,-0.019459999999999998,-1.18,0.78
288,-0.01944,-1.18,0.78
289,-0.01942,-1.16,0.78
290,-0.0194,-1.16,0.78
291,-0.01938,-1.16,0.78
292,-0.01936,-1.1400000000000001,0.78
293,-0.01934,-1.1400000000000001,0.78
294,-0.01932,-1.1400000000000001,0.78
295,-0.019299999999999998,-1.1400000000000001,0.78
296,-0.01928,-1.12,0.78
297,-0.01926,-1.12,0.78
298,-0.01924,-1.12,0.78
299,-0.01922,-1.1,0.78
300,-0.019200000000000002,-1.1,0.78
301,-0.01918,-1.1,0.76
302,-0.01916,-1.1,0.78
303,-0.01914,-1.08,0.76
304,-0.019119999999999998,-1.08,0.76
305,-0.0191,-1.06,0.76
306,-0.01908,-1.06,0.76
307,-0.01906,-1.06,0.76
308,-0.01904,-1.04,0.76
309,-0.01902,-1.04,0.76
310,-0.019,-1.04,0.76
311,-0.01898,-1.02,0.76
312,-0.018959999999999998,-1.02,0.76
313,-0.01894,-1.0,0.76
314,-0.01892,-1.0,0.76
315,-0.0189,-1.0,0.76
316,-0.01888,-0.98,0.76
317,-0.018860000000000002,-0.98,0.76
318,-0.01884,-0.98,0.76
319,-0.01882,-0.96,0.76
320,-0.0188,-0.96,0.76
321,-0.018779999999999998,-0.96,0.76
322,-0.01876,-0.9400000000000001,0.76
323,-0.01874,-0.9400000000000001,0.76
324,-0.01872,-0.92,0.76
325,-0.0187,-0.92,0.76
326,-0.01868,-0.9,0.76
327,-0.01866,-0.9,0.76
328,-0.01864,-0.9,0.76
329,-0.018619999999999998,-0.88,0.76
330,-0.0186,-0.88,0.76
331,-0.01858,-0.86,0.76
332,-0.01856,-0.86,0.76
333,-0.01854,-0.86,0.76
334,-0.018520000000000002,-0.84,0.74
335,-0.0185,-0.84,0.74
336,-0.01848,-0.8200000000000001,0.74
337,-0.01846,-0.8200000000000001,0.74
338,-0.018439999999999998,-0.8,0.74
339,-0.01842,-0.8,0.74
340,-0.0184,-0.78,0.74
341,-0.01838,-0.78,0.74
342,-0.01836,-0.78,0.74
343,-0.01834,-0.76,0.74
344,-0.01832,-0.76,0.74
345,-0.0183,-0.74,0.74
346,-0.018279999999999998,-0.74,0.74
347,-0.01826,-0.72,0.74
348,-0.01824,-0.72,0.74
349,-0.01822,-0.7000000000000001,0.74
350,-0.0182,-0.7000000000000001,0.74
351,-0.01818,-0.68,0.74
352,-0.01816,-0.68,0.74
353,-0.01814,-0.66,0.74
354,-0.01812,-0.66,0.74
355,-0.018099999999999998,-0.64,0.74
356,-0.01808,-0.64,0.74
357,-0.01806,-0.62,0.74
358,-0.01804,-0.62,0.74
359,-0.01802,-0.62,0.74
360,-0.018,-0.6,0.74
361,-0.01798,-0.6,0.74
362,-0.01796,-0.58,0.74
363,-0.017939999999999998,-0.58,0.74
364,-0.01792,-0.56,0.74
365,-0.0179,-0.56,0.74
366,-0.01788,-0.54,0.74
367,-0.01786,-0.54,0.74
368,-0.01784,-0.52,0.74
369,-0.01782,-0.52,0.74
370,-0.0178,-0.5,0.74
371,-0.01778,-0.5,0.74
372,-0.017759999999999998,-0.48,0.74
373,-0.01774,-0.48,0.74
374,-0.01772,-0.46,0.74
375,-0.0177,-0.44,0.74
376,-0.01768,-0.44,0.74
377,-0.01766,-0.42,0.74
378,-0.01764,-0.42,0.72
379,-0.01762,-0.42,0.74
380,-0.017599999999999998,-0.4,0.72
381,-0.01758,-0.38,0.72
382,-0.01756,-0.38,0.72
383,-0.01754,-0.36,0.72
384,-0.01752,-0.36,0.72
385,-0.0175,-0.34,0.72
386,-0.01748,-0.32,0.72
387,-0.01746,-0.32,0.72
388,-0.01744,-0.32,0.72
389,-0.017419999999999998,-0.3,0.72
390,-0.0174,-0.28,0.72
391,-0.01738,-0.28,0.72
392,-0.01736,-0.26,0.72
393,-0.01734,-0.26,0.72
394,-0.017320000000000002,-0.24,0.72
395,-0.0173,-0.24,0.72
396,-0.01728,-0.22,0.72
397,-0.017259999999999998,-0.22,0.72
398,-0.01724,-0.2,0.72
399,-0.01722,-0.2,0.72
400,-0.0172,-0.18,0.72
401,-0.01718,-0.18,0.72
402,-0.01716,-0.16,0.72
403,-0.01714,-0.14,0.72
404,-0.01712,-0.14,0.72
405,-0.017099999999999997,-0.12,0.72
406,-0.017079999999999998,-0.12,0.72
407,-0.01706,-0.1,0.72
408,-0.01704,-0.08,0.72
409,-0.01702,-0.08,0.72
410,-0.017,-0.06,0.72
411,-0.016980000000000002,-0.06,0.7000000000000001
412,-0.01696,-0.04,0.7000000000000001
413,-0.01694,-0.04,0.7000000000000001
414,-0.016919999999999998,-0.02,0.7000000000000001
415,-0.0169,0.0,0.7000000000000001
416,-0.01688,0.0,0.7000000000000001
417,-0.01686,0.02,0.7000000000000001
418,-0.01684,0.02,0.7000000000000001
419,-0.01682,0.04,0.7000000000000001
420,-0.0168,0.06,0.7000000000000001
421,-0.01678,0.06,0.7000000000000001
422,-0.016759999999999997,0.08,0.7000000000000001
423,-0.016739999999999998,0.08,0.7000000000000001
424,-0.01672,0.1,0.7000000000000001
425,-0.0167,0.1,0.7000000000000001
426,-0.01668,0.12,0.7000000000000001
427,-0.01666,0.12,0.7000000000000001
428,-0.016640000000000002,0.14,0.7000000000000001
429,-0.01662,0.16,0.7000000000000001
430,-0.0166,0.16,0.7000000000000001
431,-0.016579999999999998,0.18,0.7000000000000001
432,-0.01656,0.18,0.7000000000000001
433,-0.01654,0.2,0.7000000000000001
434,-0.01652,0.2,0.7000000000000001
435,-0.0165,0.22,0.7000000000000001
436,-0.01648,0.24,0.7000000000000001
437,-0.01646,0.24,0.7000000000000001
438,-0.01644,0.26,0.7000000000000001
439,-0.016419999999999997,0.26,0.68
440,-0.016399999999999998,0.28,0.7000000000000001
441,-0.01638,0.28,0.68
442,-0.01636,0.3,0.68
443,-0.01634,0.3,0.68
444,-0.01632,0.32,0.68
445,-0.016300000000000002,0.34,0.68
446,-0.01628,0.34,0.68
447,-0.01626,0.36,0.68
448,-0.016239999999999997,0.36,0.68
449,-0.01622,0.38,0.68
450,-0.0162,0.4,0.68
451,-0.01618,0.4,0.68
452,-0.01616,0.42,0.68
453,-0.01614,0.42,0.68
454,-0.01612,0.44,0.68
455,-0.0161,0.44,0.68
456,-0.016079999999999997,0.46,0.68
457,-0.016059999999999998,0.46,0.68
458,-0.01604,0.48,0.68
459,-0.01602,0.48,0.68
460,-0.016,0.5,0.68
461,-0.01598,0.52,0.68
462,-0.015960000000000002,0.52,0.68
463,-0.01594,0.54,0.68
464,-0.01592,0.54,0.68
465,-0.015899999999999997,0.56,0.68
466,-0.01588,0.56,0.68
467,-0.01586,0.58,0.68
468,-0.01584,0.58,0.68
469,-0.01582,0.6,0.68
470,-0.0158,0.6,0.68
471,-0.01578,0.62,0.68
472,-0.01576,0.64,0.68
473,-0.015739999999999997,0.64,0.68
474,-0.015719999999999998,0.66,0.68
475,-0.0157,0.66,0.68
476,-0.01568,0.68,0.68
477,-0.01566,0.68,0.68
478,-0.01564,0.7000000000000001,0.68
479,-0.01562,0.7000000000000001,0.68
480,-0.0156,0.72,0.68
481,-0.01558,0.72,0.68
482,-0.01556,0.74,0.68
483,-0.01554,0.74,0.68
484,-0.015519999999999999,0.76,0.68
485,-0.0155,0.76,0.68
486,-0.015479999999999999,0.78,0.66
487,-0.01546,0.78,0.66
488,-0.015439999999999999,0.8,0.66
489,-0.01542,0.8,0.66
490,-0.015399999999999999,0.8200000000000001,0.66
491,-0.01538,0.8200000000000001,0.66
492,-0.015359999999999999,0.84,0.66
493,-0.01534,0.84,0.66
494,-0.015319999999999999,0.86,0.66
495,-0.0153,0.86,0.66
496,-0.01528,0.88,0.66
497,-0.01526,0.88,0.66
498,-0.01524,0.9,0.66
499,-0.01522,0.9,0.66
500,-0.0152,0.92,0.66
501,-0.015179999999999999,0.92,0.66
502,-0.01516,0.9400000000000001,0.66
503,-0.015139999999999999,0.9400000000000001,0.66
504,-0.01512,0.96,0.66
505,-0.015099999999999999,0.96,0.66
506,-0.01508,0.96,0.66
507,-0.015059999999999999,0.98,0.66
508,-0.01504,0.98,0.66
509,-0.015019999999999999,1.0,0.66
510,-0.015,1.0,0.66
511,-0.014979999999999999,1.02,0.66
512,-0.01496,1.02,0.66
513,-0.01494,1.04,0.66
514,-0.01492,1.04,0.66
515,-0.0149,1.06,0.66
516,-0.014879999999999999,1.06,0.64
517,-0.01486,1.06,0.64
518,-0.014839999999999999,1.08,0.64
519,-0.01482,1.08,0.64
520,-0.014799999999999999,1.1,0.64
521,-0.01478,1.1,0.64
522,-0.014759999999999999,1.12,0.64
523,-0.01474,1.12,0.64
524,-0.014719999999999999,1.12,0.66
525,-0.0147,1.1400000000000001,0.66
526,-0.014679999999999999,1.1400000000000001,0.66
527,-0.01466,1.16,0.66
528,-0.014639999999999999,1.16,0.66
529,-0.01462,1.16,0.66
530,-0.0146,1.18,0.66
531,-0.01458,1.18,0.66
532,-0.01456,1.18,0.66
533,-0.014539999999999999,1.2,0.66
534,-0.01452,1.2,0.68
535,-0.014499999999999999,1.2,0.68
536,-0.01448,1.22,0.68
537,-0.014459999999999999,1.22,0.68
538,-0.01444,1.24,0.68
539,-0.014419999999999999,1.24,0.7000000000000001
540,-0.0144,1.24,0.7000000000000001
541,-0.014379999999999999,1.26,0.7000000000000001
542,-0.01436,1.26,0.72
543,-0.014339999999999999,1.26,0.72
544,-0.01432,1.28,0.72
545,-0.014299999999999998,1.28,0.74
546,-0.01428,1.28,0.74
547,-0.01426,1.3,0.74
548,-0.01424,1.3,0.74
549,-0.01422,1.3,0.74
550,-0.014199999999999999,1.3,0.76
551,-0.01418,1.32,0.76
552,-0.014159999999999999,1.32,0.76
553,-0.01414,1.34,0.78
554,-0.014119999999999999,1.34,0.78
555,-0.0141,1.34,0.78
556,-0.014079999999999999,1.36,0.8
557,-0.01406,1.36,0.8
558,-0.014039999999999999,1.36,0.8
559,-0.01402,1.3800000000000001,0.8200000000000001
560,-0.013999999999999999,1.3800000000000001,0.8200000000000001
561,-0.01398,1.3800000000000001,0.8200000000000001
562,-0.013959999999999998,1.4000000000000001,0.84
563,-0.01394,1.4000000000000001,0.84
564,-0.01392,1.4000000000000001,0.84
565,-0.0139,1.4000000000000001,0.84
566,-0.01388,1.42,0.86
567,-0.013859999999999999,1.42,0.86
568,-0.01384,1.42,0.86
569,-0.013819999999999999,1.44,0.88
570,-0.0138,1.44,0.88
571,-0.013779999999999999,1.44,0.88
572,-0.01376,1.44,0.9
573,-0.013739999999999999,1.44,0.9
574,-0.01372,1.46,0.9
575,-0.013699999999999999,1.46,0.9
576,-0.01368,1.46,0.9
577,-0.013659999999999999,1.46,0.92
578,-0.01364,1.48,0.92
579,-0.013619999999999998,1.48,0.92
580,-0.0136,1.48,0.9400000000000001
581,-0.01358,1.48,0.9400000000000001
582,-0.01356,1.5,0.9400000000000001
583,-0.01354,1.5,0.9400000000000001
584,-0.013519999999999999,1.5,0.96
585,-0.0135,1.5,0.96
586,-0.013479999999999999,1.52,0.96
587,-0.01346,1.52,0.96
588,-0.013439999999999999,1.52,0.98
589,-0.01342,1.52,0.98
590,-0.013399999999999999,1.52,0.98
591,-0.01338,1.54,0.98
592,-0.013359999999999999,1.54,1.0
593,-0.01334,1.54,1.0
594,-0.013319999999999999,1.54,1.0
595,-0.0133,1.54,1.0
596,-0.013279999999999998,1.54,1.0
597,-0.01326,1.54,1.02
598,-0.01324,1.56,1.02
599,-0.013219999999999999,1.56,1.02
600,-0.0132,1.56,1.02
601,-0.013179999999999999,1.56,1.02
602,-0.01316,1.56,1.02
603,-0.013139999999999999,1.58,1.04
604,-0.01312,1.58,1.04
605,-0.013099999999999999,1.58,1.04
606,-0.01308,1.58,1.04
607,-0.013059999999999999,1.58,1.04
608,-0.01304,1.58,1.06
609,-0.013019999999999999,1.58,1.06
610,-0.013,1.6,1.06
611,-0.012979999999999998,1.6,1.06
612,-0.01296,1.6,1.06
613,-0.012939999999999998,1.6,1.06
614,-0.01292,1.6,1.08
615,-0.0129,1.6,1.08
616,-0.012879999999999999,1.6,1.08
617,-0.01286,1.6,1.08
618,-0.012839999999999999,1.6,1.08
619,-0.01282,1.6,1.08
620,-0.012799999999999999,1.6,1.08
621,-0.01278,1.6,1.08
622,-0.012759999999999999,1.62,1.08
623,-0.01274,1.62,1.08
624,-0.012719999999999999,1.62,1.08
625,-0.0127,1.62,1.08
626,-0.012679999999999999,1.62,1.1
627,-0.01266,1.62,1.1
628,-0.012639999999999998,1.62,1.1
629,-0.01262,1.62,1.1
630,-0.012599999999999998,1.62,1.1
631,-0.01258,1.62,1.1
632,-0.01256,1.62,1.1
633,-0.012539999999999999,1.62,1.1
634,-0.01252,1.62,1.1
635,-0.012499999999999999,1.62,1.1
636,-0.01248,1.62,1.12
637,-0.012459999999999999,1.62,1.12
638,-0.01244,1.62,1.12
639,-0.012419999999999999,1.62,1.12
640,-0.0124,1.62,1.12
641,-0.012379999999999999,1.62,1.12
642,-0.01236,1.62,1.12
643,-0.012339999999999999,1.62,1.12
644,-0.01232,1.62,1.12
645,-0.012299999999999998,1.62,1.12
646,-0.01228,1.62,1.12
647,-0.012259999999999998,1.62,1.12
648,-0.01224,1.62,1.12
649,-0.01222,1.62,1.12
650,-0.012199999999999999,1.62,1.12
651,-0.01218,1.62,1.12
652,-0.012159999999999999,1.62,1.12
653,-0.01214,1.62,1.12
654,-0.012119999999999999,1.6,1.12
655,-0.0121,1.6,1.12
656,-0.012079999999999999,1.6,1.12
657,-0.01206,1.6,1.12
658,-0.012039999999999999,1.6,1.12
659,-0.01202,1.6,1.12
660,-0.011999999999999999,1.6,1.12
661,-0.01198,1.6,1.12
662,-0.011959999999999998,1.6,1.12
663,-0.01194,1.6,1.12
664,-0.011919999999999998,1.6,1.12
665,-0.011899999999999999,1.6,1.12
666,-0.01188,1.58,1.12
667,-0.011859999999999999,1.58,1.12
668,-0.01184,1.58,1.12
669,-0.011819999999999999,1.58,1.12
670,-0.0118,1.58,1.12
671,-0.011779999999999999,1.58,1.12
672,-0.01176,1.56,1.12
673,-0.011739999999999999,1.56,1.12
674,-0.01172,1.56,1.12
675,-0.011699999999999999,1.56,1.12
676,-0.01168,1.56,1.12
677,-0.011659999999999998,1.54,1.12
678,-0.01164,1.54,1.12
679,-0.011619999999999998,1.54,1.12
680,-0.0116,1.54,1.12
681,-0.011579999999999998,1.54,1.12
682,-0.011559999999999999,1.54,1.12
683,-0.01154,1.54,1.12
684,-0.011519999999999999,1.52,1.12
685,-0.0115,1.52,1.12
686,-0.011479999999999999,1.52,1.12
687,-0.01146,1.52,1.12
688,-0.011439999999999999,1.5,1.1
689,-0.01142,1.5,1.1
690,-0.011399999999999999,1.5,1.1
691,-0.01138,1.5,1.1
692,-0.011359999999999999,1.5,1.1
693,-0.01134,1.48,1.1
694,-0.011319999999999998,1.48,1.1
695,-0.0113,1.48,1.1
696,-0.011279999999999998,1.46,1.1
697,-0.01126,1.46,1.1
698,-0.011239999999999998,1.46,1.1
699,-0.011219999999999999,1.46,1.1
700,-0.0112,1.44,1.1
701,-0.011179999999999999,1.44,1.1
702,-0.01116,1.44,1.1
703,-0.011139999999999999,1.44,1.1
704,-0.01112,1.44,1.1
705,-0.011099999999999999,1.42,1.1
706,-0.01108,1.42,1.1
707,-0.011059999999999999,1.42,1.1
708,-0.01104,1.4000000000000001,1.1
709,-0.011019999999999999,1.4000000000000001,1.1
710,-0.011,1.4000000000000001,1.08
711,-0.010979999999999998,1.4000000000000001,1.08
712,-0.01096,1.3800000000000001,1.08
713,-0.010939999999999998,1.3800000000000001,1.08
714,-0.01092,1.3800000000000001,1.08
715,-0.010899999999999998,1.36,1.08
716,-0.010879999999999999,1.36,1.08
717,-0.01086,1.36,1.08
718,-0.010839999999999999,1.34,1.08
719,-0.01082,1.34,1.08
720,-0.010799999999999999,1.32,1.08
721,-0.01078,1.32,1.08
722,-0.010759999999999999,1.32,1.08
723,-0.01074,1.3,1.08
724,-0.010719999999999999,1.3,1.08
725,-0.0107,1.3,1.08
726,-0.010679999999999999,1.28,1.08
727,-0.01066,1.28,1.08
728,-0.010639999999999998,1.28,1.08
729,-0.01062,1.26,1.08
730,-0.010599999999999998,1.26,1.08
731,-0.010579999999999999,1.26,1.08
732,-0.010559999999999998,1.24,1.08
733,-0.010539999999999999,1.24,1.08
734,-0.01052,1.22,1.08
735,-0.010499999999999999,1.22,1.08
736,-0.01048,1.2,1.08
737,-0.010459999999999999,1.2,1.08
738,-0.01044,1.2,1.08
739,-0.010419999999999999,1.18,1.08
740,-0.0104,1.18,1.08
741,-0.010379999999999999,1.16,1.06
742,-0.01036,1.16,1.06
743,-0.010339999999999998,1.16,1.06
744,-0.01032,1.1400000000000001,1.06
745,-0.010299999999999998,1.1400000000000001,1.06
746,-0.01028,1.12,1.06
747,-0.010259999999999998,1.12,1.06
748,-0.010239999999999999,1.12,1.06
749,-0.010219999999999998,1.12,1.06
750,-0.010199999999999999,1.1,1.06
751,-0.01018,1.1,1.06
752,-0.010159999999999999,1.08,1.06
753,-0.01014,1.08,1.06
754,-0.010119999999999999,1.06,1.06
755,-0.0101,1.06,1.06
756,-0.010079999999999999,1.04,1.06
757,-0.01006,1.04,1.06
758,-0.010039999999999999,1.02,1.06
759,-0.01002,1.02,1.06
760,-0.009999999999999998,1.02,1.04
761,-0.00998,1.0,1.04
762,-0.009959999999999998,0.98,1.04
763,-0.00994,0.98,1.04
764,-0.009919999999999998,0.96,1.04
765,-0.009899999999999999,0.96,1.04
766,-0.009879999999999998,0.96,1.04
767,-0.009859999999999999,0.9400000000000001,1.04
768,-0.009839999999999998,0.9400000000000001,1.04
769,-0.009819999999999999,0.92,1.04
770,-0.0098,0.92,1.04
771,-0.009779999999999999,0.9,1.04
772,-0.00976,0.9,1.04
773,-0.009739999999999999,0.88,1.04
774,-0.00972,0.88,1.04
775,-0.009699999999999999,0.86,1.04
776,-0.00968,0.86,1.04
777,-0.009659999999999998,0.84,1.04
778,-0.00964,0.84,1.04
779,-0.009619999999999998,0.8200000000000001,1.04
780,-0.0096,0.8200000000000001,1.04
781,-0.009579999999999998,0.8,1.04
782,-0.009559999999999999,0.8,1.02
783,-0.00954,0.78,1.02
784,-0.009519999999999997,0.78,1.02
785,-0.009499999999999998,0.76,1.02
786,-0.009479999999999999,0.76,1.02
787,-0.00946,0.74,1.02
788,-0.00944,0.74,1.02
789,-0.009419999999999998,0.72,1.02
790,-0.009399999999999999,0.72,1.02
791,-0.00938,0.7000000000000001,1.02
792,-0.00936,0.7000000000000001,1.02
793,-0.009339999999999998,0.68,1.02
794,-0.009319999999999998,0.68,1.02
795,-0.0093,0.66,1.02
796,-0.00928,0.66,1.02
797,-0.009259999999999997,0.64,1.02
798,-0.009239999999999998,0.64,1.02
799,-0.009219999999999999,0.62,1.02
800,-0.0092,0.6,1.02
801,-0.009179999999999997,0.6,1.02
802,-0.009159999999999998,0.58,1.02
803,-0.009139999999999999,0.58,1.02
804,-0.00912,0.58,1.02
805,-0.0091,0.56,1.02
806,-0.009079999999999998,0.54,1.02
807,-0.009059999999999999,0.54,1.02
808,-0.00904,0.52,1.0
809,-0.00902,0.52,1.0
810,-0.008999999999999998,0.5,1.0
811,-0.008979999999999998,0.48,1.0
812,-0.00896,0.48,1.0
813,-0.00894,0.46,1.0
814,-0.008919999999999997,0.46,1.0
815,-0.008899999999999998,0.44,1.0
816,-0.008879999999999999,0.44,1.0
817,-0.00886,0.42,1.0
818,-0.008839999999999997,0.42,1.0
819,-0.008819999999999998,0.4,1.0
820,-0.008799999999999999,0.4,1.0
821,-0.00878,0.38,1.0
822,-0.00876,0.36,1.0
823,-0.008739999999999998,0.36,1.0
824,-0.008719999999999999,0.34,1.0
825,-0.0087,0.34,1.0
826,-0.00868,0.32,1.0
827,-0.008659999999999998,0.32,1.0
828,-0.008639999999999998,0.3,0.98
829,-0.00862,0.3,0.98
830,-0.0086,0.28,0.98
831,-0.008579999999999997,0.26,0.98
832,-0.008559999999999998,0.26,0.98
833,-0.008539999999999999,0.24,0.98
834,-0.00852,0.24,0.98
835,-0.008499999999999997,0.22,0.98
836,-0.008479999999999998,0.22,0.98
837,-0.008459999999999999,0.2,0.98
838,-0.00844,0.2,0.98
839,-0.00842,0.18,0.98
840,-0.008399999999999998,0.16,0.98
841,-0.008379999999999999,0.16,0.98
842,-0.00836,0.14,0.98
843,-0.00834,0.14,0.98
844,-0.008319999999999998,0.12,0.98
845,-0.008299999999999998,0.1,0.98
846,-0.00828,0.1,0.98
847,-0.00826,0.08,0.98
848,-0.008239999999999997,0.08,0.98
849,-0.008219999999999998,0.06,0.98
850,-0.008199999999999999,0.06,0.98
851,-0.00818,0.04,0.98
852,-0.008159999999999997,0.04,0.96
853,-0.008139999999999998,0.02,0.96
854,-0.008119999999999999,0.0,0.96
855,-0.0081,0.0,0.96
856,-0.00808,-0.02,0.96
857,-0.008059999999999998,-0.02,0.96
858,-0.008039999999999999,-0.04,0.96
859,-0.00802,-0.04,0.96
860,-0.008,-0.06,0.96
861,-0.007979999999999998,-0.08,0.96
862,-0.007959999999999998,-0.08,0.96
863,-0.00794,-0.1,0.96
864,-0.00792,-0.1,0.96
865,-0.007899999999999997,-0.12,0.96
866,-0.007879999999999998,-0.14,0.96
867,-0.007859999999999999,-0.14,0.96
868,-0.00784,-0.16,0.96
869,-0.007819999999999997,-0.16,0.96
870,-0.007799999999999998,-0.18,0.96
871,-0.007779999999999999,-0.18,0.96
872,-0.0077599999999999995,-0.2,0.96
873,-0.00774,-0.22,0.96
874,-0.007719999999999998,-0.22,0.96
875,-0.0076999999999999985,-0.24,0.96
876,-0.007679999999999999,-0.24,0.96
877,-0.00766,-0.26,0.96
878,-0.0076399999999999975,-0.26,0.96
879,-0.007619999999999998,-0.28,0.96
880,-0.007599999999999999,-0.28,0.96
881,-0.00758,-0.3,0.9400000000000001
882,-0.007559999999999997,-0.3,0.9400000000000001
883,-0.007539999999999998,-0.32,0.9400000000000001
884,-0.007519999999999999,-0.32,0.9400000000000001
885,-0.0075,-0.34,0.9400000000000001
886,-0.007479999999999997,-0.36,0.9400000000000001
887,-0.007459999999999998,-0.36,0.9400000000000001
888,-0.007439999999999999,-0.38,0.9400000000000001
889,-0.0074199999999999995,-0.38,0.9400000000000001
890,-0.0074,-0.4,0.9400000000000001
891,-0.007379999999999998,-0.4,0.9400000000000001
892,-0.0073599999999999985,-0.42,0.9400000000000001
893,-0.007339999999999999,-0.42,0.9400000000000001
894,-0.00732,-0.44,0.9400000000000001
895,-0.0072999999999999975,-0.44,0.9400000000000001
896,-0.007279999999999998,-0.46,0.9400000000000001
897,-0.007259999999999999,-0.46,0.9400000000000001
898,-0.00724,-0.48,0.9400000000000001
899,-0.007219999999999997,-0.48,0.9400000000000001
900,-0.007199999999999998,-0.5,0.9400000000000001
901,-0.007179999999999999,-0.5,0.9400000000000001
902,-0.00716,-0.52,0.9400000000000001
903,-0.007139999999999997,-0.52,0.9400000000000001
904,-0.007119999999999998,-0.54,0.9400000000000001
905,-0.007099999999999999,-0.54,0.9400000000000001
906,-0.0070799999999999995,-0.56,0.92
907,-0.00706,-0.56,0.92
908,-0.007039999999999998,-0.58,0.92
909,-0.0070199999999999985,-0.6,0.92
910,-0.006999999999999999,-0.6,0.92
911,-0.00698,-0.62,0.92
912,-0.0069599999999999974,-0.62,0.92
913,-0.006939999999999998,-0.62,0.92
914,-0.006919999999999999,-0.64,0.92
915,-0.0069,-0.64,0.92
916,-0.006879999999999997,-0.66,0.92
917,-0.006859999999999998,-0.66,0.92
918,-0.006839999999999999,-0.68,0.92
919,-0.00682,-0.68,0.92
920,-0.006799999999999997,-0.7000000000000001,0.92
921,-0.006779999999999998,-0.7000000000000001,0.92
922,-0.006759999999999999,-0.72,0.92
923,-0.0067399999999999995,-0.72,0.92
924,-0.00672,-0.74,0.92
925,-0.006699999999999998,-0.74,0.92
926,-0.0066799999999999984,-0.76,0.92
927,-0.006659999999999999,-0.76,0.92
928,-0.00664,-0.76,0.92
929,-0.006619999999999997,-0.78,0.92
930,-0.006599999999999998,-0.78,0.9
931,-0.006579999999999999,-0.8,0.9
932,-0.00656,-0.8,0.9
933,-0.006539999999999997,-0.8200000000000001,0.9
934,-0.006519999999999998,-0.8200000000000001,0.9
935,-0.006499999999999999,-0.84,0.9
936,-0.00648,-0.84,0.9
937,-0.006459999999999997,-0.84,0.9
938,-0.006439999999999998,-0.86,0.9
939,-0.006419999999999999,-0.86,0.9
940,-0.0063999999999999994,-0.88,0.9
941,-0.00638,-0.88,0.9
942,-0.006359999999999998,-0.9,0.9
943,-0.006339999999999998,-0.9,0.9
944,-0.006319999999999999,-0.9,0.9
945,-0.0063,-0.92,0.9
946,-0.006279999999999997,-0.92,0.9
947,-0.006259999999999998,-0.9400000000000001,0.9
948,-0.006239999999999999,-0.9400000000000001,0.9
949,-0.00622,-0.96,0.9
950,-0.006199999999999997,-0.96,0.9
951,-0.006179999999999998,-0.96,0.9
952,-0.006159999999999999,-0.96,0.9
953,-0.00614,-0.98,0.9
954,-0.006119999999999997,-0.98,0.9
955,-0.006099999999999998,-1.0,0.9
956,-0.006079999999999999,-1.0,0.9
957,-0.006059999999999999,-1.0,0.9
958,-0.00604,-1.02,0.9
959,-0.006019999999999998,-1.02,0.9
960,-0.005999999999999998,-1.02,0.9
961,-0.005979999999999999,-1.04,0.9
962,-0.00596,-1.04,0.9
963,-0.005939999999999997,-1.06,0.88
964,-0.005919999999999998,-1.06,0.88
965,-0.005899999999999999,-1.06,0.88
966,-0.00588,-1.08,0.88
967,-0.005859999999999997,-1.08,0.88
968,-0.005839999999999998,-1.08,0.88
969,-0.005819999999999999,-1.1,0.88
970,-0.0058,-1.1,0.88
971,-0.005779999999999997,-1.1,0.88
972,-0.005759999999999998,-1.12,0.88
973,-0.005739999999999999,-1.12,0.88
974,-0.005719999999999999,-1.12,0.88
975,-0.0057,-1.1400000000000001,0.88
976,-0.0056799999999999976,-1.1400000000000001,0.88
977,-0.005659999999999998,-1.1400000000000001,0.88
978,-0.005639999999999999,-1.1400000000000001,0.88
979,-0.00562,-1.16,0.88
980,-0.005599999999999997,-1.16,0.88
981,-0.005579999999999998,-1.16,0.88
982,-0.005559999999999999,-1.16,0.88
983,-0.00554,-1.18,0.88
984,-0.005519999999999997,-1.18,0.88
985,-0.005499999999999998,-1.18,0.88
986,-0.005479999999999999,-1.2,0.88
987,-0.00546,-1.2,0.88
988,-0.005439999999999997,-1.2,0.88
989,-0.005419999999999998,-1.2,0.88
990,-0.0053999999999999986,-1.22,0.88
991,-0.005379999999999999,-1.22,0.88
992,-0.00536,-1.22,0.88
993,-0.0053399999999999975,-1.24,0.86
994,-0.005319999999999998,-1.24,0.86
995,-0.005299999999999999,-1.24,0.86
996,-0.00528,-1.24,0.86
997,-0.005259999999999997,-1.24,0.86
998,-0.005239999999999998,-1.26,0.86
999,-0.005219999999999999,-1.26,0.86
1000,-0.0052,-1.26,0.86
1001,-0.005179999999999997,-1.26,0.86
1002,-0.005159999999999998,-1.26,0.86
1003,-0.005139999999999999,-1.28,0.86
1004,-0.0051199999999999996,-1.28,0.86
1005,-0.005099999999999997,-1.28,0.86
1006,-0.005079999999999998,-1.28,0.86
1007,-0.0050599999999999985,-1.28,0.86
1008,-0.005039999999999999,-1.28,0.86
1009,-0.00502,-1.3,0.86
1010,-0.0049999999999999975,-1.3,0.86
1011,-0.004979999999999998,-1.3,0.86
1012,-0.004959999999999999,-1.3,0.86
1013,-0.00494,-1.3,0.86
1014,-0.004919999999999997,-1.3,0.86
1015,-0.004899999999999998,-1.32,0.84
1016,-0.004879999999999999,-1.32,0.86
1017,-0.00486,-1.32,0.86
1018,-0.004839999999999997,-1.32,0.84
1019,-0.004819999999999998,-1.32,0.84
1020,-0.004799999999999999,-1.32,0.84
1021,-0.0047799999999999995,-1.34,0.84
1022,-0.004759999999999997,-1.34,0.84
1023,-0.004739999999999998,-1.34,0.84
1024,-0.0047199999999999985,-1.34,0.84
1025,-0.004699999999999999,-1.34,0.84
1026,-0.00468,-1.34,0.84
1027,-0.0046599999999999975,-1.34,0.84
1028,-0.004639999999999998,-1.34,0.84
1029,-0.004619999999999999,-1.34,0.84
1030,-0.0046,-1.34,0.84
1031,-0.004579999999999997,-1.36,0.84
1032,-0.004559999999999998,-1.36,0.84
1033,-0.004539999999999999,-1.36,0.84
1034,-0.00452,-1.36,0.84
1035,-0.004499999999999997,-1.36,0.84
1036,-0.004479999999999998,-1.36,0.84
1037,-0.004459999999999999,-1.36,0.84
1038,-0.0044399999999999995,-1.36,0.84
1039,-0.004419999999999997,-1.36,0.84
1040,-0.004399999999999998,-1.36,0.84
1041,-0.0043799999999999985,-1.36,0.84
1042,-0.004359999999999999,-1.36,0.84
1043,-0.00434,-1.36,0.84
1044,-0.0043199999999999975,-1.36,0.84
1045,-0.004299999999999998,-1.36,0.84
1046,-0.004279999999999999,-1.3800000000000001,0.84
1047,-0.00426,-1.36,0.84
1048,-0.004239999999999997,-1.36,0.84
1049,-0.004219999999999998,-1.36,0.84
1050,-0.004199999999999999,-1.3800000000000001,0.84
1051,-0.00418,-1.3800000000000001,0.8200000000000001
1052,-0.004159999999999997,-1.36,0.8200000000000001
1053,-0.004139999999999998,-1.3800000000000001,0.8200000000000001
1054,-0.004119999999999999,-1.3800000000000001,0.8200000000000001
1055,-0.0040999999999999995,-1.3800000000000001,0.8200000000000001
1056,-0.004079999999999997,-1.3800000000000001,0.8200000000000001
1057,-0.004059999999999998,-1.3800000000000001,0.8200000000000001
1058,-0.0040399999999999985,-1.36,0.8200000000000001
1059,-0.004019999999999999,-1.36,0.8200000000000001
1060,-0.004,-1.36,0.8200000000000001
1061,-0.003979999999999997,-1.36,0.8200000000000001
1062,-0.003959999999999998,-1.36,0.8200000000000001
1063,-0.003939999999999999,-1.36,0.8200000000000001
1064,-0.00392,-1.36,0.8200000000000001
1065,-0.0038999999999999972,-1.36,0.8200000000000001
1066,-0.003879999999999998,-1.36,0.8200000000000001
1067,-0.003859999999999999,-1.36,0.8200000000000001
1068,-0.0038399999999999997,-1.36,0.8200000000000001
1069,-0.003819999999999997,-1.36,0.8200000000000001
1070,-0.003799999999999998,-1.36,0.8200000000000001
1071,-0.0037799999999999986,-1.36,0.8200000000000001
1072,-0.0037599999999999995,-1.36,0.8200000000000001
1073,-0.003739999999999997,-1.36,0.8200000000000001
1074,-0.0037199999999999976,-1.34,0.8200000000000001
1075,-0.0036999999999999984,-1.34,0.8200000000000001
1076,-0.0036799999999999992,-1.34,0.8200000000000001
1077,-0.00366,-1.34,0.8200000000000001
1078,-0.0036399999999999974,-1.34,0.8
1079,-0.0036199999999999982,-1.34,0.8
1080,-0.003599999999999999,-1.34,0.8
1081,-0.00358,-1.34,0.8
1082,-0.003559999999999997,-1.34,0.8
1083,-0.003539999999999998,-1.34,0.8
1084,-0.003519999999999999,-1.32,0.8
1085,-0.0034999999999999996,-1.32,0.8
1086,-0.003479999999999997,-1.32,0.8
1087,-0.003459999999999998,-1.32,0.8
1088,-0.0034399999999999986,-1.32,0.8
1089,-0.0034199999999999994,-1.32,0.8
1090,-0.0033999999999999968,-1.3,0.8
1091,-0.0033799999999999976,-1.3,0.8
1092,-0.0033599999999999984,-1.3,0.8
1093,-0.0033399999999999992,-1.3,0.8
1094,-0.00332,-1.3,0.8
1095,-0.0032999999999999974,-1.3,0.8
1096,-0.003279999999999998,-1.28,0.8
1097,-0.003259999999999999,-1.28,0.8
1098,-0.00324,-1.28,0.8
1099,-0.003219999999999997,-1.28,0.8
1100,-0.003199999999999998,-1.28,0.8
1101,-0.003179999999999999,-1.28,0.8
1102,-0.0031599999999999996,-1.26,0.8
1103,-0.003139999999999997,-1.26,0.8
1104,-0.0031199999999999978,-1.26,0.8
1105,-0.0030999999999999986,-1.26,0.8
1106,-0.0030799999999999994,-1.24,0.8
1107,-0.0030599999999999968,-1.24,0.8
1108,-0.0030399999999999976,-1.24,0.8
1109,-0.0030199999999999984,-1.24,0.8
1110,-0.002999999999999999,-1.24,0.78
1111,-0.00298,-1.22,0.8
1112,-0.0029599999999999974,-1.22,0.78
1113,-0.002939999999999998,-1.22,0.78
1114,-0.002919999999999999,-1.2,0.78
1115,-0.0029,-1.2,0.78
1116,-0.002879999999999997,-1.2,0.78
1117,-0.002859999999999998,-1.2,0.78
1118,-0.0028399999999999988,-1.2,0.78
1119,-0.0028199999999999996,-1.18,0.78
1120,-0.002799999999999997,-1.18,0.78
1121,-0.0027799999999999978,-1.18,0.78
1122,-0.0027599999999999986,-1.16,0.78
1123,-0.0027399999999999994,-1.16,0.78
1124,-0.0027199999999999967,-1.16,0.78
1125,-0.0026999999999999975,-1.1400000000000001,0.78
1126,-0.0026799999999999984,-1.1400000000000001,0.78
1127,-0.002659999999999999,-1.1400000000000001,0.78
1128,-0.00264,-1.1400000000000001,0.78
1129,-0.0026199999999999973,-1.12,0.78
1130,-0.002599999999999998,-1.12,0.78
1131,-0.002579999999999999,-1.12,0.78
1132,-0.0025599999999999998,-1.1,0.78
1133,-0.002539999999999997,-1.1,0.78
1134,-0.002519999999999998,-1.1,0.78
1135,-0.0024999999999999988,-1.1,0.78
1136,-0.0024799999999999996,-1.08,0.76
1137,-0.002459999999999997,-1.08,0.76
1138,-0.0024399999999999977,-1.06,0.76
1139,-0.0024199999999999985,-1.06,0.76
1140,-0.0023999999999999994,-1.06,0.76
1141,-0.0023799999999999967,-1.04,0.76
1142,-0.0023599999999999975,-1.04,0.76
1143,-0.0023399999999999983,-1.04,0.76
1144,-0.002319999999999999,-1.02,0.76
1145,-0.0023,-1.02,0.76
1146,-0.0022799999999999973,-1.0,0.76
1147,-0.002259999999999998,-1.0,0.76
1148,-0.002239999999999999,-1.0,0.76
1149,-0.0022199999999999998,-0.98,0.76
1150,-0.002199999999999997,-0.98,0.76
1151,-0.002179999999999998,-0.98,0.76
1152,-0.0021599999999999987,-0.96,0.76
1153,-0.0021399999999999995,-0.96,0.76
1154,-0.002119999999999997,-0.96,0.76
1155,-0.0020999999999999977,-0.9400000000000001,0.76
1156,-0.0020799999999999985,-0.9400000000000001,0.76
1157,-0.0020599999999999993,-0.9400000000000001,0.76
1158,-0.0020399999999999967,-0.92,0.76
1159,-0.0020199999999999975,-0.92,0.76
1160,-0.0019999999999999983,-0.9,0.76
1161,-0.001979999999999999,-0.9,0.76
1162,-0.00196,-0.9,0.76
1163,-0.0019399999999999973,-0.88,0.76
1164,-0.001919999999999998,-0.88,0.76
1165,-0.001899999999999999,-0.86,0.76
1166,-0.0018799999999999997,-0.86,0.76
1167,-0.001859999999999997,-0.84,0.76
1168,-0.0018399999999999979,-0.84,0.76
1169,-0.0018199999999999987,-0.8200000000000001,0.74
1170,-0.0017999999999999995,-0.8200000000000001,0.74
1171,-0.0017799999999999969,-0.8,0.74
1172,-0.0017599999999999977,-0.8,0.74
1173,-0.0017399999999999985,-0.8,0.74
1174,-0.0017199999999999993,-0.78,0.74
1175,-0.0016999999999999967,-0.78,0.74
1176,-0.0016799999999999975,-0.76,0.74
1177,-0.0016599999999999983,-0.76,0.74
1178,-0.001639999999999999,-0.76,0.74
1179,-0.00162,-0.74,0.74
1180,-0.0015999999999999973,-0.72,0.74
1181,-0.001579999999999998,-0.72,0.74
1182,-0.0015599999999999989,-0.72,0.74
1183,-0.0015399999999999997,-0.7000000000000001,0.74
1184,-0.001519999999999997,-0.7000000000000001,0.74
1185,-0.0014999999999999979,-0.68,0.74
1186,-0.0014799999999999987,-0.68,0.74
1187,-0.0014599999999999995,-0.66,0.74
1188,-0.0014399999999999968,-0.66,0.74
1189,-0.0014199999999999977,-0.64,0.74
1190,-0.0013999999999999985,-0.64,0.74
1191,-0.0013799999999999993,-0.62,0.74
1192,-0.0013599999999999966,-0.62,0.74
1193,-0.0013399999999999974,-0.6,0.74
1194,-0.0013199999999999983,-0.6,0.74
1195,-0.001299999999999999,-0.58,0.74
1196,-0.0012799999999999999,-0.58,0.74
1197,-0.0012599999999999972,-0.56,0.74
1198,-0.001239999999999998,-0.56,0.74
1199,-0.0012199999999999989,-0.54,0.74
1200,-0.0011999999999999997,-0.54,0.74
1201,-0.001179999999999997,-0.52,0.74
1202,-0.0011599999999999978,-0.52,0.74
1203,-0.0011399999999999987,-0.5,0.74
1204,-0.0011199999999999995,-0.5,0.74
1205,-0.0010999999999999968,-0.48,0.74
1206,-0.0010799999999999976,-0.48,0.74
1207,-0.0010599999999999984,-0.46,0.74
1208,-0.0010399999999999993,-0.46,0.74
1209,-0.0010199999999999966,-0.44,0.74
1210,-0.0009999999999999974,-0.44,0.74
1211,-0.0009799999999999982,-0.42,0.72
1212,-0.000959999999999999,-0.42,0.72
1213,-0.0009399999999999999,-0.4,0.72
1214,-0.0009199999999999972,-0.4,0.72
1215,-0.000899999999999998,-0.38,0.72
1216,-0.0008799999999999988,-0.38,0.72
1217,-0.0008599999999999997,-0.36,0.72
1218,-0.000839999999999997,-0.34,0.72
1219,-0.0008199999999999978,-0.34,0.72
1220,-0.0007999999999999986,-0.32,0.72
1221,-0.0007799999999999994,-0.32,0.72
1222,-0.0007599999999999968,-0.3,0.72
1223,-0.0007399999999999976,-0.3,0.72
1224,-0.0007199999999999984,-0.28,0.72
1225,-0.0006999999999999992,-0.28,0.72
1226,-0.0006799999999999966,-0.26,0.72
1227,-0.0006599999999999974,-0.26,0.72
1228,-0.0006399999999999982,-0.24,0.72
1229,-0.000619999999999999,-0.24,0.72
1230,-0.0005999999999999998,-0.22,0.72
1231,-0.0005799999999999972,-0.2,0.72
1232,-0.000559999999999998,-0.2,0.72
1233,-0.0005399999999999988,-0.18,0.72
1234,-0.0005199999999999996,-0.18,0.72
1235,-0.000499999999999997,-0.16,0.72
1236,-0.0004799999999999978,-0.16,0.72
1237,-0.0004599999999999986,-0.14,0.72
1238,-0.0004399999999999994,-0.12,0.72
1239,-0.00041999999999999676,-0.12,0.72
1240,-0.0003999999999999976,-0.1,0.72
1241,-0.0003799999999999984,-0.08,0.72
1242,-0.0003599999999999992,-0.08,0.72
1243,-0.00033999999999999655,-0.06,0.72
1244,-0.00031999999999999737,-0.06,0.7000000000000001
1245,-0.0002999999999999982,-0.04,0.72
1246,-0.000279999999999999,-0.04,0.7000000000000001
1247,-0.0002599999999999998,-0.02,0.7000000000000001
1248,-0.00023999999999999716,0.0,0.7000000000000001
1249,-0.00021999999999999797,0.0,0.7000000000000001
1250,-0.0001999999999999988,0.02,0.7000000000000001
1251,-0.0001799999999999996,0.02,0.7000000000000001
1252,-0.00015999999999999695,0.04,0.7000000000000001
1253,-0.00013999999999999777,0.06,0.7000000000000001
1254,-0.00011999999999999858,0.06,0.7000000000000001
1255,-9.99999999999994e-05,0.06,0.7000000000000001
1256,-7.999999999999674e-05,0.08,0.7000000000000001
1257,-5.9999999999997555e-05,0.08,0.7000000000000001
1258,-3.999999999999837e-05,0.1,0.7000000000000001
1259,-1.9999999999999185e-05,0.12,0.7000000000000001
1260,3.469446951953614e-18,0.12,0.7000000000000001
1261,2.0000000000002655e-05,0.14,0.7000000000000001
1262,4.000000000000184e-05,0.14,0.7000000000000001
1263,6.0000000000001025e-05,0.16,0.7000000000000001
1264,8.000000000000021e-05,0.16,0.7000000000000001
1265,0.00010000000000000286,0.18,0.7000000000000001
1266,0.00012000000000000205,0.2,0.7000000000000001
1267,0.00014000000000000123,0.2,0.7000000000000001
1268,0.00016000000000000042,0.22,0.7000000000000001
1269,0.00018000000000000307,0.22,0.7000000000000001
1270,0.00020000000000000226,0.24,0.7000000000000001
1271,0.00022000000000000144,0.24,0.7000000000000001
1272,0.00024000000000000063,0.26,0.7000000000000001
1273,0.0002600000000000033,0.28,0.68
1274,0.00028000000000000247,0.28,0.68
1275,0.00030000000000000165,0.3,0.68
1276,0.00032000000000000084,0.3,0.68
1277,0.0003400000000000035,0.32,0.68
1278,0.0003600000000000027,0.32,0.68
1279,0.00038000000000000186,0.34,0.68
1280,0.00040000000000000105,0.36,0.68
1281,0.00042000000000000023,0.36,0.68
1282,0.0004400000000000029,0.38,0.68
1283,0.0004600000000000021,0.4,0.68
1284,0.00048000000000000126,0.4,0.68
1285,0.0005000000000000004,0.4,0.68
1286,0.0005200000000000031,0.42,0.68
1287,0.0005400000000000023,0.42,0.68
1288,0.0005600000000000015,0.44,0.68
1289,0.0005800000000000007,0.44,0.68
1290,0.0006000000000000033,0.46,0.68
1291,0.0006200000000000025,0.48,0.68
1292,0.0006400000000000017,0.48,0.68
1293,0.0006600000000000009,0.5,0.68
1294,0.0006800000000000035,0.5,0.68
1295,0.0007000000000000027,0.52,0.68
1296,0.0007200000000000019,0.54,0.68
1297,0.0007400000000000011,0.54,0.68
1298,0.0007600000000000003,0.56,0.68
1299,0.0007800000000000029,0.56,0.68
1300,0.0008000000000000021,0.58,0.68
1301,0.0008200000000000013,0.58,0.68
1302,0.0008400000000000005,0.6,0.68
1303,0.0008600000000000031,0.6,0.68
1304,0.0008800000000000023,0.62,0.68
1305,0.0009000000000000015,0.62,0.68
1306,0.0009200000000000007,0.64,0.68
1307,0.0009400000000000033,0.64,0.68
1308,0.0009600000000000025,0.66,0.68
1309,0.0009800000000000017,0.68,0.68
1310,0.0010000000000000009,0.68,0.68
1311,0.0010200000000000035,0.68,0.68
1312,0.0010400000000000027,0.7000000000000001,0.68
1313,0.001060000000000002,0.72,0.68
1314,0.001080000000000001,0.72,0.68
1315,0.0011000000000000003,0.74,0.68
1316,0.001120000000000003,0.74,0.68
1317,0.0011400000000000021,0.76,0.68
1318,0.0011600000000000013,0.76,0.68
1319,0.0011800000000000005,0.78,0.66
1320,0.0012000000000000031,0.78,0.66
1321,0.0012200000000000023,0.78,0.66
1322,0.0012400000000000015,0.8,0.66
1323,0.0012600000000000007,0.8200000000000001,0.66
1324,0.0012800000000000034,0.8200000000000001,0.66
1325,0.0013000000000000025,0.8200000000000001,0.66
1326,0.0013200000000000017,0.84,0.66
1327,0.001340000000000001,0.86,0.66
1328,0.0013600000000000036,0.86,0.66
1329,0.0013800000000000028,0.88,0.66
1330,0.001400000000000002,0.88,0.66
1331,0.0014200000000000011,0.9,0.66
1332,0.0014400000000000003,0.9,0.66
1333,0.001460000000000003,0.92,0.66
1334,0.0014800000000000021,0.92,0.66
1335,0.0015000000000000013,0.92,0.66
1336,0.0015200000000000005,0.9400000000000001,0.66
1337,0.0015400000000000032,0.9400000000000001,0.66
1338,0.0015600000000000024,0.96,0.66
1339,0.0015800000000000015,0.96,0.66
1340,0.0016000000000000007,0.98,0.66
1341,0.0016200000000000034,0.98,0.66
1342,0.0016400000000000026,1.0,0.66
1343,0.0016600000000000018,1.0,0.66
1344,0.001680000000000001,1.02,0.66
1345,0.0017000000000000036,1.02,0.66
1346,0.0017200000000000028,1.04,0.66
1347,0.001740000000000002,1.04,0.66
1348,0.0017600000000000011,1.06,0.66
1349,0.0017800000000000003,1.06,0.66
1350,0.001800000000000003,1.06,0.64
1351,0.0018200000000000022,1.08,0.64
1352,0.0018400000000000014,1.08,0.64
1353,0.0018600000000000005,1.1,0.64
1354,0.0018800000000000032,1.1,0.64
1355,0.0019000000000000024,1.12,0.66
1356,0.0019200000000000016,1.12,0.66
1357,0.0019400000000000008,1.12,0.66
1358,0.0019600000000000034,1.1400000000000001,0.66
1359,0.0019800000000000026,1.1400000000000001,0.66
1360,0.0020000000000000018,1.1400000000000001,0.66
1361,0.002020000000000001,1.16,0.66
1362,0.0020400000000000036,1.16,0.66
1363,0.002060000000000003,1.16,0.66
1364,0.002080000000000002,1.18,0.66
1365,0.002100000000000001,1.18,0.66
1366,0.0021200000000000004,1.2,0.66
1367,0.002140000000000003,1.2,0.68
1368,0.002160000000000002,1.2,0.68
1369,0.0021800000000000014,1.22,0.68
1370,0.0022000000000000006,1.22,0.68
1371,0.0022200000000000032,1.22,0.68
1372,0.0022400000000000024,1.24,0.68
1373,0.0022600000000000016,1.24,0.7000000000000001
1374,0.0022800000000000008,1.26,0.7000000000000001
1375,0.0023000000000000034,1.26,0.7000000000000001
1376,0.0023200000000000026,1.26,0.72
1377,0.002340000000000002,1.28,0.72
1378,0.002360000000000001,1.28,0.72
1379,0.0023800000000000036,1.28,0.74
1380,0.002400000000000003,1.3,0.74
1381,0.002420000000000002,1.3,0.74
1382,0.002440000000000001,1.3,0.74
1383,0.0024600000000000004,1.3,0.74
1384,0.002480000000000003,1.32,0.76
1385,0.0025000000000000022,1.32,0.76
1386,0.0025200000000000014,1.34,0.78
1387,0.0025400000000000006,1.34,0.78
1388,0.0025600000000000032,1.34,0.78
1389,0.0025800000000000024,1.36,0.8
1390,0.0026000000000000016,1.36,0.8
1391,0.002620000000000001,1.36,0.8
1392,0.0026400000000000035,1.3800000000000001,0.8
1393,0.0026600000000000026,1.3800000000000001,0.8200000000000001
1394,0.002680000000000002,1.3800000000000001,0.8200000000000001
1395,0.002700000000000001,1.4000000000000001,0.84
1396,0.0027200000000000037,1.4000000000000001,0.84
1397,0.002740000000000003,1.4000000000000001,0.84
1398,0.002760000000000002,1.4000000000000001,0.84
1399,0.0027800000000000012,1.42,0.86
1400,0.0028000000000000004,1.42,0.86
1401,0.002820000000000003,1.42,0.86
1402,0.0028400000000000022,1.44,0.88
1403,0.0028600000000000014,1.44,0.88
1404,0.0028800000000000006,1.44,0.88
1405,0.0029000000000000033,1.44,0.9
1406,0.0029200000000000025,1.44,0.9
1407,0.0029400000000000016,1.44,0.9
1408,0.002960000000000001,1.46,0.9
1409,0.0029800000000000035,1.46,0.9
1410,0.0030000000000000027,1.46,0.92
1411,0.003020000000000002,1.46,0.92
1412,0.003040000000000001,1.48,0.92
1413,0.0030600000000000037,1.48,0.92
1414,0.003080000000000003,1.48,0.9400000000000001
1415,0.003100000000000002,1.5,0.9400000000000001
1416,0.0031200000000000012,1.5,0.9400000000000001
1417,0.0031400000000000004,1.5,0.96
1418,0.003160000000000003,1.5,0.96
1419,0.0031800000000000023,1.5,0.96
1420,0.0032000000000000015,1.52,0.96
1421,0.0032200000000000006,1.52,0.96
1422,0.0032400000000000033,1.52,0.98
1423,0.0032600000000000025,1.52,0.98
1424,0.0032800000000000017,1.54,0.98
1425,0.003300000000000001,1.54,0.98
1426,0.0033200000000000035,1.54,1.0
1427,0.0033400000000000027,1.54,1.0
1428,0.003360000000000002,1.54,1.0
1429,0.003380000000000001,1.54,1.0
1430,0.0034000000000000037,1.54,1.02
1431,0.003420000000000003,1.56,1.02
1432,0.003440000000000002,1.56,1.02
1433,0.0034600000000000013,1.56,1.02
1434,0.0034800000000000005,1.56,1.02
1435,0.003500000000000003,1.56,1.02
1436,0.0035200000000000023,1.56,1.04
1437,0.0035400000000000015,1.58,1.04
1438,0.0035600000000000007,1.58,1.04
1439,0.0035800000000000033,1.58,1.04
1440,0.0036000000000000025,1.58,1.04
1441,0.0036200000000000017,1.58,1.06
1442,0.003640000000000001,1.58,1.06
1443,0.0036600000000000035,1.6,1.06
1444,0.0036800000000000027,1.6,1.06
1445,0.003700000000000002,1.6,1.06
1446,0.003720000000000001,1.6,1.06
1447,0.0037400000000000037,1.6,1.08
1448,0.003760000000000003,1.6,1.08
1449,0.003780000000000002,1.6,1.08
1450,0.0038000000000000013,1.6,1.08
1451,0.0038200000000000005,1.6,1.08
1452,0.003840000000000003,1.6,1.08
1453,0.0038600000000000023,1.6,1.08
1454,0.0038800000000000015,1.6,1.08
1455,0.0039000000000000007,1.62,1.08
1456,0.003920000000000003,1.62,1.08
1457,0.0039400000000000025,1.62,1.08
1458,0.003960000000000002,1.62,1.08
1459,0.003980000000000001,1.62,1.08
1460,0.0040000000000000036,1.62,1.1
1461,0.004020000000000003,1.62,1.1
1462,0.004040000000000002,1.62,1.1
1463,0.004060000000000001,1.62,1.1
1464,0.004080000000000004,1.62,1.1
1465,0.004100000000000003,1.62,1.1
1466,0.004120000000000002,1.62,1.1
1467,0.004140000000000001,1.62,1.1
1468,0.0041600000000000005,1.62,1.1
1469,0.004180000000000003,1.62,1.12
1470,0.004200000000000002,1.62,1.12
1471,0.0042200000000000015,1.62,1.12
1472,0.004240000000000001,1.62,1.12
1473,0.004260000000000003,1.62,1.12
1474,0.0042800000000000026,1.62,1.12
1475,0.004300000000000002,1.62,1.12
1476,0.004320000000000001,1.62,1.12
1477,0.004340000000000004,1.62,1.12
1478,0.004360000000000003,1.62,1.12
1479,0.004380000000000002,1.62,1.12
1480,0.004400000000000001,1.62,1.12
1481,0.004420000000000004,1.62,1.12
1482,0.004440000000000003,1.62,1.12
1483,0.004460000000000002,1.62,1.12
1484,0.004480000000000001,1.62,1.12
1485,0.0045000000000000005,1.62,1.12
1486,0.004520000000000003,1.62,1.12
1487,0.004540000000000002,1.6,1.12
1488,0.0045600000000000016,1.6,1.12
1489,0.004580000000000001,1.6,1.12
1490,0.004600000000000003,1.6,1.12
1491,0.004620000000000003,1.6,1.12
1492,0.004640000000000002,1.6,1.12
1493,0.004660000000000001,1.6,1.12
1494,0.004680000000000004,1.6,1.12
1495,0.004700000000000003,1.6,1.12
1496,0.004720000000000002,1.6,1.12
1497,0.004740000000000001,1.6,1.12
1498,0.004760000000000004,1.6,1.12
1499,0.004780000000000003,1.58,1.12
1500,0.004800000000000002,1.58,1.12
1501,0.004820000000000001,1.58,1.12
1502,0.0048400000000000006,1.58,1.12
1503,0.004860000000000003,1.58,1.12
1504,0.004880000000000002,1.58,1.12
1505,0.004900000000000002,1.56,1.12
1506,0.004920000000000001,1.56,1.12
1507,0.004940000000000003,1.56,1.12
1508,0.004960000000000003,1.56,1.12
1509,0.004980000000000002,1.56,1.12
1510,0.005000000000000001,1.56,1.12
1511,0.005020000000000004,1.54,1.12
1512,0.005040000000000003,1.54,1.12
1513,0.005060000000000002,1.54,1.12
1514,0.005080000000000001,1.54,1.12
1515,0.005100000000000004,1.54,1.12
1516,0.005120000000000003,1.54,1.12
1517,0.005140000000000002,1.52,1.12
1518,0.005160000000000001,1.52,1.12
1519,0.005180000000000001,1.52,1.12
1520,0.005200000000000003,1.52,1.1
1521,0.005220000000000002,1.5,1.1
1522,0.005240000000000002,1.5,1.1
1523,0.005260000000000001,1.5,1.1
1524,0.0052800000000000034,1.5,1.1
1525,0.005300000000000003,1.5,1.1
1526,0.005320000000000002,1.5,1.1
1527,0.005340000000000001,1.48,1.1
1528,0.005360000000000004,1.48,1.1
1529,0.005380000000000003,1.48,1.1
1530,0.005400000000000002,1.46,1.1
1531,0.005420000000000001,1.46,1.1
1532,0.005440000000000004,1.46,1.1
1533,0.005460000000000003,1.44,1.1
1534,0.005480000000000002,1.44,1.1
1535,0.005500000000000001,1.44,1.1
1536,0.005520000000000004,1.44,1.1
1537,0.005540000000000003,1.44,1.1
1538,0.0055600000000000024,1.42,1.1
1539,0.005580000000000002,1.42,1.1
1540,0.005600000000000001,1.42,1.1
1541,0.0056200000000000035,1.4000000000000001,1.1
1542,0.005640000000000003,1.4000000000000001,1.1
1543,0.005660000000000002,1.4000000000000001,1.1
1544,0.005680000000000001,1.4000000000000001,1.08
1545,0.005700000000000004,1.3800000000000001,1.08
1546,0.005720000000000003,1.3800000000000001,1.08
1547,0.005740000000000002,1.3800000000000001,1.08
1548,0.005760000000000001,1.36,1.08
1549,0.005780000000000004,1.36,1.08
1550,0.005800000000000003,1.36,1.08
1551,0.005820000000000002,1.34,1.08
1552,0.0058400000000000014,1.34,1.08
1553,0.005860000000000004,1.34,1.08
1554,0.005880000000000003,1.32,1.08
1555,0.0059000000000000025,1.32,1.08
1556,0.005920000000000002,1.3,1.08
1557,0.005940000000000001,1.3,1.08
1558,0.0059600000000000035,1.3,1.08
1559,0.005980000000000003,1.3,1.08
1560,0.006000000000000002,1.28,1.08
1561,0.006020000000000001,1.28,1.08
1562,0.006040000000000004,1.26,1.08
1563,0.006060000000000003,1.26,1.08
1564,0.006080000000000002,1.26,1.08
1565,0.006100000000000001,1.24,1.08
1566,0.0061200000000000004,1.24,1.08
1567,0.00614,1.22,1.08
1568,0.006160000000000006,1.22,1.08
1569,0.006180000000000005,1.22,1.08
1570,0.006200000000000004,1.2,1.08
1571,0.006220000000000003,1.2,1.08
1572,0.0062400000000000025,1.2,1.08
1573,0.006260000000000002,1.18,1.08
1574,0.006280000000000001,1.18,1.08
1575,0.0063,1.16,1.06
1576,0.006319999999999999,1.16,1.06
1577,0.006340000000000005,1.16,1.06
1578,0.0063600000000000045,1.1400000000000001,1.06
1579,0.006380000000000004,1.1400000000000001,1.06
1580,0.006400000000000003,1.12,1.06
1581,0.006420000000000002,1.12,1.06
1582,0.006440000000000001,1.12,1.06
1583,0.0064600000000000005,1.1,1.06
1584,0.00648,1.1,1.06
1585,0.006500000000000006,1.08,1.06
1586,0.006520000000000005,1.08,1.06
1587,0.006540000000000004,1.06,1.06
1588,0.006560000000000003,1.06,1.06
1589,0.0065800000000000025,1.04,1.06
1590,0.006600000000000002,1.04,1.06
1591,0.006620000000000001,1.02,1.04
1592,0.00664,1.02,1.06
1593,0.006659999999999999,1.02,1.06
1594,0.006680000000000005,1.0,1.04
1595,0.0067000000000000046,1.0,1.04
1596,0.006720000000000004,0.98,1.04
1597,0.006740000000000003,0.98,1.04
1598,0.006760000000000002,0.96,1.04
1599,0.006780000000000001,0.96,1.04
1600,0.0068000000000000005,0.9400000000000001,1.04
1601,0.00682,0.9400000000000001,1.04
1602,0.006840000000000006,0.92,1.04
1603,0.006860000000000005,0.92,1.04
1604,0.006880000000000004,0.92,1.04
1605,0.006900000000000003,0.9,1.04
1606,0.0069200000000000025,0.88,1.04
1607,0.006940000000000002,0.88,1.04
1608,0.006960000000000001,0.88,1.04
1609,0.00698,0.86,1.04
1610,0.006999999999999999,0.84,1.04
1611,0.007020000000000005,0.84,1.04
1612,0.007040000000000005,0.8200000000000001,1.04
1613,0.007060000000000004,0.8200000000000001,1.04
1614,0.007080000000000003,0.8200000000000001,1.02
1615,0.007100000000000002,0.8,1.04
1616,0.007120000000000001,0.78,1.02
1617,0.0071400000000000005,0.78,1.02
1618,0.00716,0.78,1.02
1619,0.007180000000000006,0.76,1.02
1620,0.007200000000000005,0.76,1.02
1621,0.007220000000000004,0.74,1.02
1622,0.007240000000000003,0.72,1.02
1623,0.0072600000000000026,0.72,1.02
1624,0.007280000000000002,0.72,1.02
1625,0.007300000000000001,0.7000000000000001,1.02
1626,0.00732,0.68,1.02
1627,0.007339999999999999,0.68,1.02
1628,0.007360000000000005,0.66,1.02
1629,0.007380000000000005,0.66,1.02
1630,0.007400000000000004,0.64,1.02
1631,0.007420000000000003,0.64,1.02
1632,0.007440000000000002,0.62,1.02
1633,0.007460000000000001,0.62,1.02
1634,0.0074800000000000005,0.6,1.02
1635,0.0075,0.6,1.02
1636,0.007520000000000006,0.58,1.02
1637,0.007540000000000005,0.58,1.02
1638,0.007560000000000004,0.56,1.02
1639,0.007580000000000003,0.54,1.02
1640,0.007600000000000003,0.54,1.0
1641,0.007620000000000002,0.52,1.0
1642,0.007640000000000001,0.52,1.0
1643,0.00766,0.5,1.0
1644,0.007679999999999999,0.5,1.0
1645,0.0077000000000000055,0.48,1.0
1646,0.007720000000000005,0.48,1.0
1647,0.007740000000000004,0.46,1.0
1648,0.007760000000000003,0.44,1.0
1649,0.007780000000000002,0.44,1.0
1650,0.007800000000000001,0.42,1.0
1651,0.00782,0.42,1.0
1652,0.00784,0.4,1.0
1653,0.007860000000000006,0.4,1.0
1654,0.007880000000000005,0.38,1.0
1655,0.007900000000000004,0.38,1.0
1656,0.007920000000000003,0.36,1.0
1657,0.007940000000000003,0.34,1.0
1658,0.007960000000000002,0.34,1.0
1659,0.007980000000000001,0.32,0.98
1660,0.008,0.32,0.98
1661,0.00802,0.3,0.98
1662,0.008040000000000005,0.3,0.98
1663,0.008060000000000005,0.28,0.98
1664,0.008080000000000004,0.26,0.98
1665,0.008100000000000003,0.26,0.98
1666,0.008120000000000002,0.24,0.98
1667,0.008140000000000001,0.24,0.98
1668,0.00816,0.22,0.98
1669,0.00818,0.22,0.98
1670,0.008200000000000006,0.2,0.98
1671,0.008220000000000005,0.2,0.98
1672,0.008240000000000004,0.18,0.98
1673,0.008260000000000003,0.18,0.98
1674,0.008280000000000003,0.16,0.98
1675,0.008300000000000002,0.16,0.98
1676,0.008320000000000001,0.14,0.98
1677,0.00834,0.12,0.98
1678,0.00836,0.12,0.98
1679,0.008380000000000006,0.1,0.98
1680,0.008400000000000005,0.08,0.98
1681,0.008420000000000004,0.08,0.98
1682,0.008440000000000003,0.06,0.98
1683,0.008460000000000002,0.06,0.98
1684,0.008480000000000001,0.04,0.98
1685,0.0085,0.04,0.98
1686,0.00852,0.02,0.98
1687,0.008540000000000006,0.02,0.96
1688,0.008560000000000005,0.0,0.96
1689,0.008580000000000004,0.0,0.96
1690,0.008600000000000003,-0.02,0.96
1691,0.008620000000000003,-0.04,0.96
1692,0.008640000000000002,-0.04,0.96
1693,0.008660000000000001,-0.06,0.96
1694,0.00868,-0.06,0.96
1695,0.0087,-0.08,0.96
1696,0.008720000000000006,-0.08,0.96
1697,0.008740000000000005,-0.1,0.96
1698,0.008760000000000004,-0.12,0.96
1699,0.008780000000000003,-0.12,0.96
1700,0.008800000000000002,-0.14,0.96
1701,0.008820000000000001,-0.16,0.96
1702,0.00884,-0.16,0.96
1703,0.00886,-0.18,0.96
1704,0.008880000000000006,-0.18,0.96
1705,0.008900000000000005,-0.2,0.96
1706,0.008920000000000004,-0.2,0.96
1707,0.008940000000000003,-0.22,0.96
1708,0.008960000000000003,-0.24,0.96
1709,0.008980000000000002,-0.24,0.96
1710,0.009000000000000001,-0.26,0.96
1711,0.00902,-0.26,0.96
1712,0.00904,-0.28,0.96
1713,0.009060000000000006,-0.28,0.9400000000000001
1714,0.009080000000000005,-0.28,0.9400000000000001
1715,0.009100000000000004,-0.3,0.9400000000000001
1716,0.009120000000000003,-0.32,0.9400000000000001
1717,0.009140000000000002,-0.32,0.9400000000000001
1718,0.009160000000000001,-0.34,0.9400000000000001
1719,0.00918,-0.34,0.9400000000000001
1720,0.0092,-0.36,0.9400000000000001
1721,0.009220000000000006,-0.38,0.9400000000000001
1722,0.009240000000000005,-0.38,0.9400000000000001
1723,0.009260000000000004,-0.4,0.9400000000000001
1724,0.009280000000000004,-0.4,0.9400000000000001
1725,0.009300000000000003,-0.42,0.9400000000000001
1726,0.009320000000000002,-0.42,0.9400000000000001
1727,0.009340000000000001,-0.44,0.9400000000000001
1728,0.00936,-0.44,0.9400000000000001
1729,0.00938,-0.46,0.9400000000000001
1730,0.009400000000000006,-0.46,0.9400000000000001
1731,0.009420000000000005,-0.48,0.9400000000000001
1732,0.009440000000000004,-0.48,0.9400000000000001
1733,0.009460000000000003,-0.5,0.9400000000000001
1734,0.009480000000000002,-0.5,0.9400000000000001
1735,0.009500000000000001,-0.52,0.9400000000000001
1736,0.00952,-0.52,0.9400000000000001
1737,0.00954,-0.54,0.92
1738,0.009560000000000006,-0.54,0.92
1739,0.009580000000000005,-0.56,0.92
1740,0.009600000000000004,-0.56,0.92
1741,0.009620000000000004,-0.58,0.92
1742,0.009640000000000003,-0.58,0.92
1743,0.009660000000000002,-0.6,0.92
1744,0.009680000000000001,-0.6,0.92
1745,0.0097,-0.62,0.92
1746,0.00972,-0.62,0.92
1747,0.009740000000000006,-0.64,0.92
1748,0.009760000000000005,-0.64,0.92
1749,0.009780000000000004,-0.66,0.92
1750,0.009800000000000003,-0.66,0.92
1751,0.009820000000000002,-0.66,0.92
1752,0.009840000000000002,-0.68,0.92
1753,0.00986,-0.7000000000000001,0.92
1754,0.00988,-0.7000000000000001,0.92
1755,0.009900000000000006,-0.72,0.92
1756,0.009920000000000005,-0.72,0.92
1757,0.009940000000000004,-0.72,0.92
1758,0.009960000000000004,-0.74,0.92
1759,0.009980000000000003,-0.76,0.92
1760,0.010000000000000002,-0.76,0.92
1761,0.010020000000000001,-0.76,0.92
1762,0.01004,-0.78,0.92
1763,0.01006,-0.78,0.9
1764,0.010080000000000006,-0.8,0.92
1765,0.010100000000000005,-0.8,0.9
1766,0.010120000000000004,-0.8,0.9
1767,0.010140000000000003,-0.8200000000000001,0.9
1768,0.010160000000000002,-0.8200000000000001,0.9
1769,0.010180000000000002,-0.84,0.9
1770,0.0102,-0.84,0.9
1771,0.01022,-0.86,0.9
1772,0.010240000000000006,-0.86,0.9
1773,0.010260000000000005,-0.86,0.9
1774,0.010280000000000004,-0.88,0.9
1775,0.010300000000000004,-0.9,0.9
1776,0.010320000000000003,-0.9,0.9
1777,0.010340000000000002,-0.9,0.9
1778,0.010360000000000001,-0.92,0.9
1779,0.01038,-0.92,0.9
1780,0.0104,-0.9400000000000001,0.9
1781,0.010420000000000006,-0.9400000000000001,0.9
1782,0.010440000000000005,-0.9400000000000001,0.9
1783,0.010460000000000004,-0.96,0.9
1784,0.010480000000000003,-0.96,0.9
1785,0.010500000000000002,-0.96,0.9
1786,0.010520000000000002,-0.98,0.9
1787,0.01054,-0.98,0.9
1788,0.01056,-1.0,0.9
1789,0.010580000000000006,-1.0,0.9
1790,0.010600000000000005,-1.0,0.9
1791,0.010620000000000004,-1.0,0.9
1792,0.010640000000000004,-1.02,0.9
1793,0.010660000000000003,-1.02,0.9
1794,0.010680000000000002,-1.04,0.9
1795,0.010700000000000001,-1.04,0.9
1796,0.01072,-1.04,0.9
1797,0.01074,-1.06,0.88
1798,0.010760000000000006,-1.06,0.88
1799,0.010780000000000005,-1.08,0.88
1800,0.010800000000000004,-1.08,0.88
1801,0.010820000000000003,-1.08,0.88
1802,0.010840000000000002,-1.1,0.88
1803,0.010860000000000002,-1.1,0.88
1804,0.01088,-1.1,0.88
1805,0.0109,-1.1,0.88
1806,0.010920000000000006,-1.12,0.88
1807,0.010940000000000005,-1.12,0.88
1808,0.010960000000000004,-1.12,0.88
1809,0.010980000000000004,-1.1400000000000001,0.88
1810,0.011000000000000003,-1.1400000000000001,0.88
1811,0.011020000000000002,-1.1400000000000001,0.88
1812,0.011040000000000001,-1.1400000000000001,0.88
1813,0.01106,-1.16,0.88
1814,0.01108,-1.16,0.88
1815,0.011100000000000006,-1.16,0.88
1816,0.011120000000000005,-1.18,0.88
1817,0.011140000000000004,-1.18,0.88
1818,0.011160000000000003,-1.18,0.88
1819,0.011180000000000002,-1.2,0.88
1820,0.011200000000000002,-1.2,0.88
1821,0.01122,-1.2,0.88
1822,0.01124,-1.2,0.88
1823,0.011260000000000006,-1.22,0.88
1824,0.011280000000000005,-1.22,0.88
1825,0.011300000000000004,-1.22,0.88
1826,0.011320000000000004,-1.22,0.88
1827,0.011340000000000003,-1.24,0.86
1828,0.011360000000000002,-1.24,0.86
1829,0.011380000000000001,-1.24,0.86
1830,0.0114,-1.24,0.86
1831,0.01142,-1.26,0.86
1832,0.011440000000000006,-1.26,0.86
1833,0.011460000000000005,-1.26,0.86
1834,0.011480000000000004,-1.26,0.86
1835,0.011500000000000003,-1.26,0.86
1836,0.011520000000000002,-1.28,0.86
1837,0.011540000000000002,-1.28,0.86
1838,0.01156,-1.28,0.86
1839,0.01158,-1.28,0.86
1840,0.011600000000000006,-1.28,0.86
1841,0.011620000000000005,-1.28,0.86
1842,0.011640000000000005,-1.3,0.86
1843,0.011660000000000004,-1.3,0.86
1844,0.011680000000000003,-1.3,0.86
1845,0.011700000000000002,-1.3,0.86
1846,0.011720000000000001,-1.3,0.86
1847,0.01174,-1.3,0.86
1848,0.01176,-1.32,0.86
1849,0.011780000000000006,-1.32,0.84
1850,0.011800000000000005,-1.32,0.86
1851,0.011820000000000004,-1.32,0.84
1852,0.011840000000000003,-1.32,0.84
1853,0.011860000000000002,-1.32,0.84
1854,0.011880000000000002,-1.34,0.84
1855,0.0119,-1.34,0.84
1856,0.01192,-1.34,0.84
1857,0.011940000000000006,-1.34,0.84
1858,0.011960000000000005,-1.34,0.84
1859,0.011980000000000005,-1.34,0.84
1860,0.012000000000000004,-1.34,0.84
1861,0.012020000000000003,-1.34,0.84
1862,0.012040000000000002,-1.34,0.84
1863,0.012060000000000001,-1.34,0.84
1864,0.01208,-1.34,0.84
1865,0.0121,-1.36,0.84
1866,0.012120000000000006,-1.36,0.84
1867,0.012140000000000005,-1.36,0.84
1868,0.012160000000000004,-1.36,0.84
1869,0.012180000000000003,-1.36,0.84
1870,0.012200000000000003,-1.36,0.84
1871,0.012220000000000002,-1.36,0.84
1872,0.012240000000000001,-1.36,0.84
1873,0.01226,-1.36,0.84
1874,0.012280000000000006,-1.36,0.84
1875,0.012300000000000005,-1.36,0.84
1876,0.012320000000000005,-1.36,0.84
1877,0.012340000000000004,-1.36,0.84
1878,0.012360000000000003,-1.3800000000000001,0.84
1879,0.012380000000000002,-1.3800000000000001,0.84
1880,0.012400000000000001,-1.3800000000000001,0.84
1881,0.01242,-1.3800000000000001,0.84
1882,0.01244,-1.3800000000000001,0.84
1883,0.012460000000000006,-1.3800000000000001,0.8200000000000001
1884,0.012480000000000005,-1.3800000000000001,0.8200000000000001
1885,0.012500000000000004,-1.3800000000000001,0.8200000000000001
1886,0.012520000000000003,-1.3800000000000001,0.8200000000000001
1887,0.012540000000000003,-1.36,0.8200000000000001
1888,0.012560000000000002,-1.3800000000000001,0.8200000000000001
1889,0.012580000000000001,-1.3800000000000001,0.8200000000000001
1890,0.0126,-1.36,0.8200000000000001
1891,0.012620000000000006,-1.3800000000000001,0.8200000000000001
1892,0.012640000000000005,-1.36,0.8200000000000001
1893,0.012660000000000005,-1.36,0.8200000000000001
1894,0.012680000000000004,-1.36,0.8200000000000001
1895,0.012700000000000003,-1.36,0.8200000000000001
1896,0.012720000000000002,-1.36,0.8200000000000001
1897,0.012740000000000001,-1.36,0.8200000000000001
1898,0.01276,-1.36,0.8200000000000001
1899,0.01278,-1.36,0.8200000000000001
1900,0.012800000000000006,-1.36,0.8200000000000001
1901,0.012820000000000005,-1.36,0.8200000000000001
1902,0.012840000000000004,-1.36,0.8200000000000001
1903,0.012860000000000003,-1.36,0.8200000000000001
1904,0.012880000000000003,-1.36,0.8200000000000001
1905,0.012900000000000002,-1.36,0.8200000000000001
1906,0.012920000000000001,-1.36,0.8200000000000001
1907,0.01294,-1.34,0.8200000000000001
1908,0.012960000000000006,-1.34,0.8200000000000001
1909,0.012980000000000005,-1.34,0.8200000000000001
1910,0.013000000000000005,-1.34,0.8
1911,0.013020000000000004,-1.34,0.8
1912,0.013040000000000003,-1.34,0.8
1913,0.013060000000000002,-1.34,0.8
1914,0.013080000000000001,-1.34,0.8
1915,0.0131,-1.34,0.8
1916,0.01312,-1.34,0.8
1917,0.013140000000000006,-1.32,0.8
1918,0.013160000000000005,-1.32,0.8
1919,0.013180000000000004,-1.32,0.8
1920,0.013200000000000003,-1.32,0.8
1921,0.013220000000000003,-1.32,0.8
1922,0.013240000000000002,-1.32,0.8
1923,0.013260000000000001,-1.3,0.8
1924,0.01328,-1.3,0.8
1925,0.013300000000000006,-1.3,0.8
1926,0.013320000000000005,-1.3,0.8
1927,0.013340000000000005,-1.3,0.8
1928,0.013360000000000004,-1.3,0.8
1929,0.013380000000000003,-1.3,0.8
1930,0.013400000000000002,-1.28,0.8
1931,0.013420000000000001,-1.28,0.8
1932,0.01344,-1.28,0.8
1933,0.01346,-1.28,0.8
1934,0.013480000000000006,-1.28,0.8
1935,0.013500000000000005,-1.26,0.8
1936,0.013520000000000004,-1.26,0.8
1937,0.013540000000000003,-1.26,0.8
1938,0.013560000000000003,-1.26,0.8
1939,0.013580000000000002,-1.24,0.8
1940,0.013600000000000001,-1.24,0.8
1941,0.01362,-1.24,0.8
1942,0.013640000000000006,-1.24,0.8
1943,0.013660000000000005,-1.24,0.8
1944,0.013680000000000005,-1.22,0.78
1945,0.013700000000000004,-1.22,0.78
1946,0.013720000000000003,-1.22,0.78
1947,0.013740000000000002,-1.22,0.78
1948,0.013760000000000001,-1.2,0.78
1949,0.01378,-1.2,0.78
1950,0.0138,-1.2,0.78
1951,0.013820000000000006,-1.2,0.78
1952,0.013840000000000005,-1.18,0.78
1953,0.013860000000000004,-1.18,0.78
1954,0.013880000000000003,-1.18,0.78
1955,0.013900000000000003,-1.16,0.78
1956,0.013920000000000002,-1.16,0.78
1957,0.013940000000000001,-1.16,0.78
1958,0.01396,-1.16,0.78
1959,0.013980000000000006,-1.1400000000000001,0.78
1960,0.014000000000000005,-1.1400000000000001,0.78
1961,0.014020000000000005,-1.1400000000000001,0.78
1962,0.014040000000000004,-1.1400000000000001,0.78
1963,0.014060000000000003,-1.12,0.78
1964,0.014080000000000002,-1.12,0.78
1965,0.014100000000000001,-1.12,0.78
1966,0.01412,-1.1,0.78
1967,0.01414,-1.1,0.78
1968,0.014160000000000006,-1.1,0.78
1969,0.014180000000000005,-1.08,0.78
1970,0.014200000000000004,-1.08,0.78
1971,0.014220000000000003,-1.08,0.76
1972,0.014240000000000003,-1.06,0.76
1973,0.014260000000000002,-1.06,0.76
1974,0.014280000000000001,-1.04,0.76
1975,0.0143,-1.04,0.76
1976,0.014320000000000006,-1.04,0.76
1977,0.014340000000000006,-1.04,0.76
1978,0.014360000000000005,-1.02,0.76
1979,0.014380000000000004,-1.02,0.76
1980,0.014400000000000003,-1.0,0.76
1981,0.014420000000000002,-1.0,0.76
1982,0.014440000000000001,-1.0,0.76
1983,0.01446,-0.98,0.76
1984,0.01448,-0.98,0.76
1985,0.014500000000000006,-0.96,0.76
1986,0.014520000000000005,-0.96,0.76
1987,0.014540000000000004,-0.96,0.76
1988,0.014560000000000003,-0.96,0.76
1989,0.014580000000000003,-0.9400000000000001,0.76
1990,0.014600000000000002,-0.9400000000000001,0.76
1991,0.014620000000000001,-0.92,0.76
1992,0.01464,-0.92,0.76
1993,0.014660000000000006,-0.9,0.76
1994,0.014680000000000006,-0.9,0.76
1995,0.014700000000000005,-0.9,0.76
1996,0.014720000000000004,-0.88,0.76
1997,0.014740000000000003,-0.88,0.76
1998,0.014760000000000002,-0.86,0.76
1999,0.014780000000000001,-0.86,0.76
2000,0.0148,-0.84,0.74
2001,0.01482,-0.84,0.74
2002,0.014840000000000006,-0.8200000000000001,0.74
2003,0.014860000000000005,-0.8200000000000001,0.74
2004,0.014880000000000004,-0.8,0.74
2005,0.014900000000000004,-0.8,0.74
2006,0.014920000000000003,-0.8,0.74
2007,0.014940000000000002,-0.78,0.74
2008,0.014960000000000001,-0.78,0.74
2009,0.01498,-0.76,0.74
2010,0.015000000000000006,-0.76,0.74
2011,0.015020000000000006,-0.76,0.74
2012,0.015040000000000005,-0.74,0.74
2013,0.015060000000000004,-0.74,0.74
2014,0.015080000000000003,-0.72,0.74
2015,0.015100000000000002,-0.72,0.74
2016,0.015120000000000001,-0.7000000000000001,0.74
2017,0.01514,-0.7000000000000001,0.74
2018,0.01516,-0.68,0.74
2019,0.015180000000000006,-0.68,0.74
2020,0.015200000000000005,-0.66,0.74
2021,0.015220000000000004,-0.66,0.74
2022,0.015240000000000004,-0.64,0.74
2023,0.015260000000000003,-0.64,0.74
2024,0.015280000000000002,-0.62,0.74
2025,0.015300000000000001,-0.62,0.74
2026,0.01532,-0.62,0.74
2027,0.015340000000000006,-0.6,0.74
2028,0.015360000000000006,-0.6,0.74
2029,0.015380000000000005,-0.58,0.74
2030,0.015400000000000004,-0.56,0.74
2031,0.015420000000000003,-0.56,0.74
2032,0.015440000000000002,-0.56,0.74
2033,0.015460000000000002,-0.54,0.74
2034,0.01548,-0.52,0.74
2035,0.0155,-0.52,0.74
2036,0.015520000000000006,-0.52,0.74
2037,0.015540000000000005,-0.5,0.74
2038,0.015560000000000004,-0.48,0.74
2039,0.015580000000000004,-0.48,0.74
2040,0.015600000000000003,-0.46,0.74
2041,0.015620000000000002,-0.46,0.74
2042,0.01564,-0.44,0.74
2043,0.01566,-0.44,0.74
2044,0.015680000000000006,-0.42,0.72
2045,0.015700000000000006,-0.42,0.72
2046,0.015720000000000005,-0.4,0.72
2047,0.015740000000000004,-0.4,0.72
2048,0.015760000000000003,-0.38,0.72
2049,0.015780000000000002,-0.38,0.72
2050,0.0158,-0.36,0.72
2051,0.01582,-0.34,0.72
2052,0.01584,-0.34,0.72
2053,0.015860000000000006,-0.32,0.72
2054,0.015880000000000005,-0.32,0.72
2055,0.015900000000000004,-0.3,0.72
2056,0.015920000000000004,-0.3,0.72
2057,0.015940000000000003,-0.28,0.72
2058,0.015960000000000002,-0.28,0.72
2059,0.01598,-0.26,0.72
2060,0.016,-0.26,0.72
2061,0.016020000000000006,-0.24,0.72
2062,0.016040000000000006,-0.24,0.72
2063,0.016060000000000005,-0.22,0.72
2064,0.016080000000000004,-0.22,0.72
2065,0.016100000000000003,-0.2,0.72
2066,0.016120000000000002,-0.18,0.72
2067,0.01614,-0.18,0.72
2068,0.01616,-0.16,0.72
2069,0.01618,-0.16,0.72
2070,0.016200000000000006,-0.14,0.72
2071,0.016220000000000005,-0.14,0.72
2072,0.016240000000000004,-0.12,0.72
2073,0.016260000000000004,-0.1,0.72
2074,0.016280000000000003,-0.1,0.72
2075,0.016300000000000002,-0.08,0.72
2076,0.01632,-0.08,0.72
2077,0.01634,-0.06,0.72
2078,0.016360000000000006,-0.04,0.72
2079,0.016380000000000006,-0.04,0.7000000000000001
2080,0.016400000000000005,-0.02,0.7000000000000001
2081,0.016420000000000004,-0.02,0.7000000000000001
2082,0.016440000000000003,0.0,0.7000000000000001
2083,0.016460000000000002,0.0,0.7000000000000001
2084,0.01648,0.02,0.7000000000000001
2085,0.0165,0.04,0.7000000000000001
2086,0.01652,0.04,0.7000000000000001
2087,0.016540000000000006,0.06,0.7000000000000001
2088,0.016560000000000005,0.06,0.7000000000000001
2089,0.016580000000000004,0.08,0.7000000000000001
2090,0.016600000000000004,0.08,0.7000000000000001
2091,0.016620000000000003,0.1,0.7000000000000001
2092,0.016640000000000002,0.1,0.7000000000000001
2093,0.01666,0.12,0.7000000000000001
2094,0.01668,0.14,0.7000000000000001
2095,0.016700000000000007,0.14,0.7000000000000001
2096,0.016720000000000006,0.16,0.7000000000000001
2097,0.016740000000000005,0.16,0.7000000000000001
2098,0.016760000000000004,0.18,0.7000000000000001
2099,0.016780000000000003,0.18,0.7000000000000001
2100,0.016800000000000002,0.2,0.7000000000000001
2101,0.01682,0.22,0.7000000000000001
2102,0.01684,0.22,0.7000000000000001
2103,0.01686,0.24,0.7000000000000001
2104,0.016880000000000006,0.24,0.7000000000000001
2105,0.016900000000000005,0.26,0.7000000000000001
2106,0.016920000000000004,0.26,0.68
2107,0.016940000000000004,0.28,0.68
2108,0.016960000000000003,0.3,0.68
2109,0.016980000000000002,0.3,0.68
2110,0.017,0.32,0.68
2111,0.01702,0.32,0.68
2112,0.017040000000000007,0.34,0.68
2113,0.017060000000000006,0.34,0.68
2114,0.017080000000000005,0.36,0.68
2115,0.017100000000000004,0.38,0.68
2116,0.017120000000000003,0.38,0.68
2117,0.017140000000000002,0.4,0.68
2118,0.01716,0.4,0.68
2119,0.01718,0.42,0.68
2120,0.0172,0.42,0.68
2121,0.017220000000000006,0.44,0.68
2122,0.017240000000000005,0.44,0.68
2123,0.017260000000000005,0.46,0.68
2124,0.017280000000000004,0.48,0.68
2125,0.017300000000000003,0.48,0.68
2126,0.017320000000000002,0.48,0.68
2127,0.01734,0.5,0.68
2128,0.01736,0.52,0.68
2129,0.017380000000000007,0.52,0.68
2130,0.017400000000000006,0.54,0.68
2131,0.017420000000000005,0.54,0.68
2132,0.017440000000000004,0.56,0.68
2133,0.017460000000000003,0.58,0.68
2134,0.017480000000000002,0.58,0.68
2135,0.0175,0.58,0.68
2136,0.01752,0.6,0.68
2137,0.01754,0.62,0.68
2138,0.017560000000000006,0.62,0.68
2139,0.017580000000000005,0.64,0.68
2140,0.017600000000000005,0.64,0.68
2141,0.017620000000000004,0.66,0.68
2142,0.017640000000000003,0.66,0.68
2143,0.017660000000000002,0.68,0.68
2144,0.01768,0.68,0.68
2145,0.0177,0.7000000000000001,0.68
2146,0.017720000000000007,0.7000000000000001,0.68
2147,0.017740000000000006,0.72,0.68
2148,0.017760000000000005,0.72,0.68
2149,0.017780000000000004,0.74,0.68
2150,0.017800000000000003,0.74,0.66
2151,0.017820000000000003,0.76,0.68
2152,0.01784,0.76,0.66
2153,0.01786,0.78,0.66
2154,0.01788,0.78,0.66
2155,0.017900000000000006,0.8,0.66
2156,0.017920000000000005,0.8,0.66
2157,0.017940000000000005,0.8200000000000001,0.66
2158,0.017960000000000004,0.8200000000000001,0.66
2159,0.017980000000000003,0.84,0.66
2160,0.018000000000000002,0.84,0.66
2161,0.01802,0.86,0.66
2162,0.01804,0.88,0.66
2163,0.018060000000000007,0.88,0.66
2164,0.018080000000000006,0.88,0.66
2165,0.018100000000000005,0.9,0.66
2166,0.018120000000000004,0.92,0.66
2167,0.018140000000000003,0.92,0.66
2168,0.018160000000000003,0.92,0.66
2169,0.01818,0.9400000000000001,0.66
2170,0.0182,0.9400000000000001,0.66
2171,0.01822,0.96,0.66
2172,0.018240000000000006,0.96,0.66
2173,0.018260000000000005,0.98,0.66
2174,0.018280000000000005,0.98,0.66
2175,0.018300000000000004,1.0,0.66
2176,0.018320000000000003,1.0,0.66
2177,0.018340000000000002,1.02,0.66
2178,0.01836,1.02,0.66
2179,0.01838,1.02,0.66
2180,0.018400000000000007,1.04,0.66
2181,0.018420000000000006,1.04,0.66
2182,0.018440000000000005,1.06,0.66
2183,0.018460000000000004,1.06,0.66
2184,0.018480000000000003,1.08,0.64
2185,0.018500000000000003,1.08,0.64
2186,0.018520000000000002,1.1,0.64
2187,0.01854,1.1,0.64
2188,0.01856,1.12,0.64
2189,0.018580000000000006,1.12,0.64
2190,0.018600000000000005,1.12,0.66
2191,0.018620000000000005,1.12,0.66
2192,0.018640000000000004,1.1400000000000001,0.66
2193,0.018660000000000003,1.1400000000000001,0.66
2194,0.018680000000000002,1.16,0.66
2195,0.0187,1.16,0.66
2196,0.01872,1.16,0.66
2197,0.018740000000000007,1.18,0.66
2198,0.018760000000000006,1.18,0.66
2199,0.018780000000000005,1.18,0.66
2200,0.018800000000000004,1.2,0.68
2201,0.018820000000000003,1.2,0.68
2202,0.018840000000000003,1.2,0.68
2203,0.018860000000000002,1.22,0.68
2204,0.01888,1.22,0.68
2205,0.0189,1.24,0.68
2206,0.018920000000000006,1.24,0.7000000000000001
2207,0.018940000000000005,1.24,0.7000000000000001
2208,0.018960000000000005,1.26,0.7000000000000001
2209,0.018980000000000004,1.26,0.72
2210,0.019000000000000003,1.26,0.72
2211,0.019020000000000002,1.28,0.72
2212,0.01904,1.28,0.74
2213,0.01906,1.3,0.74
2214,0.019080000000000007,1.3,0.74
2215,0.019100000000000006,1.3,0.74
2216,0.019120000000000005,1.3,0.74
2217,0.019140000000000004,1.32,0.76
2218,0.019160000000000003,1.32,0.76
2219,0.019180000000000003,1.34,0.76
2220,0.019200000000000002,1.34,0.78
2221,0.01922,1.34,0.78
2222,0.01924,1.36,0.8
2223,0.019260000000000006,1.36,0.8
2224,0.019280000000000005,1.36,0.8
2225,0.019300000000000005,1.36,0.8
2226,0.019320000000000004,1.3800000000000001,0.8200000000000001
2227,0.019340000000000003,1.3800000000000001,0.8200000000000001
2228,0.019360000000000002,1.3800000000000001,0.8200000000000001
2229,0.01938,1.4000000000000001,0.84
2230,0.0194,1.4000000000000001,0.84
2231,0.019420000000000007,1.4000000000000001,0.84
2232,0.019440000000000006,1.42,0.86
2233,0.019460000000000005,1.42,0.86
2234,0.019480000000000004,1.42,0.86
2235,0.019500000000000003,1.42,0.88
2236,0.019520000000000003,1.44,0.88
2237,0.019540000000000002,1.44,0.88
2238,0.01956,1.44,0.88
2239,0.01958,1.44,0.9
2240,0.019600000000000006,1.44,0.9
2241,0.019620000000000005,1.46,0.9
2242,0.019640000000000005,1.46,0.9
2243,0.019660000000000004,1.46,0.92
2244,0.019680000000000003,1.46,0.92
2245,0.019700000000000002,1.48,0.92
2246,0.01972,1.48,0.92
2247,0.01974,1.48,0.9400000000000001
2248,0.019760000000000007,1.5,0.9400000000000001
2249,0.019780000000000006,1.5,0.9400000000000001
2250,0.019800000000000005,1.5,0.9400000000000001
2251,0.019820000000000004,1.5,0.96
2252,0.019840000000000003,1.5,0.96
2253,0.019860000000000003,1.5,0.96
2254,0.019880000000000002,1.52,0.96
2255,0.0199,1.52,0.98
2256,0.01992,1.52,0.98
2257,0.019940000000000006,1.52,0.98
2258,0.019960000000000006,1.54,0.98
2259,0.019980000000000005,1.54,1.0
2260,0.020000000000000004,1.54,1.0
2261,0.020020000000000003,1.54,1.0
2262,0.020040000000000002,1.54,1.0
2263,0.02006,1.54,1.02
2264,0.02008,1.56,1.02
2265,0.020100000000000007,1.56,1.02
2266,0.020120000000000006,1.56,1.02
2267,0.020140000000000005,1.56,1.02
2268,0.020160000000000004,1.56,1.02
2269,0.020180000000000003,1.56,1.04
2270,0.020200000000000003,1.58,1.04
2271,0.020220000000000002,1.58,1.04
2272,0.02024,1.58,1.04
2273,0.02026,1.58,1.04
2274,0.020280000000000006,1.58,1.06
2275,0.020300000000000006,1.58,1.06
2276,0.020320000000000005,1.6,1.06
2277,0.020340000000000004,1.6,1.06
2278,0.020360000000000003,1.6,1.06
2279,0.020380000000000002,1.6,1.06
2280,0.0204,1.6,1.08
2281,0.02042,1.6,1.08
2282,0.020440000000000007,1.6,1.08
2283,0.020460000000000006,1.6,1.08
2284,0.020480000000000005,1.6,1.08
2285,0.020500000000000004,1.6,1.08
2286,0.020520000000000004,1.6,1.08
2287,0.020540000000000003,1.6,1.08
2288,0.020560000000000002,1.62,1.08
2289,0.02058,1.62,1.08
2290,0.0206,1.62,1.08
2291,0.020620000000000006,1.62,1.08
2292,0.020640000000000006,1.62,1.1
2293,0.020660000000000005,1.62,1.1
2294,0.020680000000000004,1.62,1.1
2295,0.020700000000000003,1.62,1.1
2296,0.020720000000000002,1.62,1.1
2297,0.02074,1.62,1.1
2298,0.02076,1.62,1.1
2299,0.020780000000000007,1.62,1.1
2300,0.020800000000000006,1.62,1.1
2301,0.020820000000000005,1.62,1.1
2302,0.020840000000000004,1.62,1.1
2303,0.020860000000000004,1.62,1.1
2304,0.020880000000000003,1.62,1.12
2305,0.020900000000000002,1.62,1.12
2306,0.02092,1.62,1.12
2307,0.02094,1.62,1.12
2308,0.020960000000000006,1.62,1.12
2309,0.020980000000000006,1.62,1.12
2310,0.021000000000000005,1.62,1.12
2311,0.021020000000000004,1.62,1.12
2312,0.021040000000000003,1.62,1.12
2313,0.021060000000000002,1.62,1.12
2314,0.02108,1.62,1.12
2315,0.0211,1.62,1.12
2316,0.021120000000000007,1.62,1.12
2317,0.021140000000000006,1.62,1.12
2318,0.021160000000000005,1.62,1.12
2319,0.021180000000000004,1.62,1.12
2320,0.021200000000000004,1.62,1.12
2321,0.021220000000000003,1.6,1.12
2322,0.021240000000000002,1.6,1.12
2323,0.02126,1.6,1.12
2324,0.02128,1.6,1.12
2325,0.021300000000000006,1.6,1.12
2326,0.021320000000000006,1.6,1.12
2327,0.021340000000000005,1.6,1.12
2328,0.021360000000000004,1.6,1.12
2329,0.021380000000000003,1.6,1.12
2330,0.021400000000000002,1.6,1.12
2331,0.02142,1.6,1.12
2332,0.02144,1.58,1.12
2333,0.021460000000000007,1.58,1.12
2334,0.021480000000000006,1.58,1.12
2335,0.021500000000000005,1.58,1.12
2336,0.021520000000000004,1.58,1.12
2337,0.021540000000000004,1.58,1.12
2338,0.021560000000000003,1.58,1.12
2339,0.021580000000000002,1.56,1.12
2340,0.0216,1.56,1.12
2341,0.02162,1.56,1.12
2342,0.021640000000000006,1.56,1.12
2343,0.021660000000000006,1.56,1.12
2344,0.021680000000000005,1.54,1.12
2345,0.021700000000000004,1.54,1.12
2346,0.021720000000000003,1.54,1.12
2347,0.021740000000000002,1.54,1.12
2348,0.02176,1.54,1.12
2349,0.02178,1.54,1.12
2350,0.021800000000000007,1.52,1.12
2351,0.021820000000000006,1.52,1.12
2352,0.021840000000000005,1.52,1.12
2353,0.021860000000000004,1.52,1.12
2354,0.021880000000000004,1.5,1.1
2355,0.021900000000000003,1.5,1.1
2356,0.021920000000000002,1.5,1.1
2357,0.02194,1.5,1.1
2358,0.02196,1.5,1.1
2359,0.021980000000000006,1.48,1.1
2360,0.022000000000000006,1.48,1.1
2361,0.022020000000000005,1.48,1.1
2362,0.022040000000000004,1.48,1.1
2363,0.022060000000000003,1.46,1.1
2364,0.022080000000000002,1.46,1.1
2365,0.0221,1.46,1.1
2366,0.02212,1.46,1.1
2367,0.022140000000000007,1.44,1.1
2368,0.022160000000000006,1.44,1.1
2369,0.022180000000000005,1.44,1.1
2370,0.022200000000000004,1.44,1.1
2371,0.022220000000000004,1.44,1.1
2372,0.022240000000000003,1.42,1.1
2373,0.022260000000000002,1.42,1.1
2374,0.02228,1.42,1.1
2375,0.0223,1.4000000000000001,1.1
2376,0.022320000000000007,1.4000000000000001,1.1
2377,0.022340000000000006,1.4000000000000001,1.08
2378,0.022360000000000005,1.3800000000000001,1.08
2379,0.022380000000000004,1.3800000000000001,1.08
2380,0.022400000000000003,1.3800000000000001,1.08
2381,0.022420000000000002,1.36,1.08
2382,0.02244,1.36,1.08
2383,0.02246,1.36,1.08
2384,0.022480000000000007,1.36,1.08
2385,0.022500000000000006,1.34,1.08
2386,0.022520000000000005,1.34,1.08
2387,0.022540000000000004,1.32,1.08
2388,0.022560000000000004,1.32,1.08
2389,0.022580000000000003,1.32,1.08
2390,0.022600000000000002,1.3,1.08
2391,0.02262,1.3,1.08
2392,0.02264,1.3,1.08
2393,0.022660000000000007,1.28,1.08
2394,0.022680000000000006,1.28,1.08
2395,0.022700000000000005,1.26,1.08
2396,0.022720000000000004,1.26,1.08
2397,0.022740000000000003,1.26,1.08
2398,0.022760000000000002,1.24,1.08
2399,0.02278,1.24,1.08
2400,0.0228,1.24,1.08
2401,0.022820000000000007,1.22,1.08
2402,0.022840000000000006,1.22,1.08
2403,0.022860000000000005,1.2,1.08
2404,0.022880000000000005,1.2,1.08
2405,0.022900000000000004,1.2,1.08
2406,0.022920000000000003,1.18,1.06
2407,0.022940000000000002,1.18,1.08
2408,0.02296,1.16,1.06
2409,0.02298,1.16,1.06
2410,0.023000000000000007,1.16,1.06
2411,0.023020000000000006,1.1400000000000001,1.06
2412,0.023040000000000005,1.1400000000000001,1.06
2413,0.023060000000000004,1.12,1.06
2414,0.023080000000000003,1.12,1.06
2415,0.023100000000000002,1.12,1.06
2416,0.02312,1.1,1.06
2417,0.02314,1.1,1.06
2418,0.023160000000000007,1.08,1.06
2419,0.023180000000000006,1.08,1.06
2420,0.023200000000000005,1.06,1.06
2421,0.023220000000000005,1.06,1.06
2422,0.023240000000000004,1.06,1.06
2423,0.023260000000000003,1.04,1.06
2424,0.023280000000000002,1.04,1.06
2425,0.0233,1.02,1.06
2426,0.02332,1.02,1.04
2427,0.023340000000000007,1.0,1.04
2428,0.023360000000000006,1.0,1.04
2429,0.023380000000000005,0.98,1.04
2430,0.023400000000000004,0.98,1.04
2431,0.023420000000000003,0.96,1.04
2432,0.023440000000000003,0.96,1.04
2433,0.02346,0.9400000000000001,1.04
2434,0.02348,0.9400000000000001,1.04
2435,0.023500000000000007,0.9400000000000001,1.04
2436,0.023520000000000006,0.92,1.04
2437,0.023540000000000005,0.92,1.04
2438,0.023560000000000005,0.9,1.04
2439,0.023580000000000004,0.9,1.04
2440,0.023600000000000003,0.88,1.04
2441,0.023620000000000002,0.88,1.04
2442,0.02364,0.86,1.04
2443,0.02366,0.86,1.04
2444,0.023680000000000007,0.84,1.04
2445,0.023700000000000006,0.8200000000000001,1.04
2446,0.023720000000000005,0.8200000000000001,1.04
2447,0.023740000000000004,0.8200000000000001,1.02
2448,0.023760000000000003,0.8,1.02
2449,0.023780000000000003,0.78,1.02
2450,0.0238,0.78,1.02
2451,0.02382,0.78,1.02
2452,0.023840000000000007,0.76,1.02
2453,0.023860000000000006,0.76,1.02
2454,0.023880000000000005,0.74,1.02
2455,0.023900000000000005,0.74,1.02
2456,0.023920000000000004,0.72,1.02
2457,0.023940000000000003,0.72,1.02
2458,0.023960000000000002,0.7000000000000001,1.02
2459,0.02398,0.7000000000000001,1.02
2460,0.024,0.68,1.02
2461,0.024020000000000007,0.68,1.02
2462,0.024040000000000006,0.66,1.02
2463,0.024060000000000005,0.64,1.02
2464,0.024080000000000004,0.64,1.02
2465,0.024100000000000003,0.62,1.02
2466,0.024120000000000003,0.62,1.02
2467,0.02414,0.6,1.02
2468,0.02416,0.6,1.02
2469,0.024180000000000007,0.58,1.02
2470,0.024200000000000006,0.58,1.02
2471,0.024220000000000005,0.56,1.02
2472,0.024240000000000005,0.56,1.02
2473,0.024260000000000004,0.54,1.02
2474,0.024280000000000003,0.54,1.02
2475,0.024300000000000002,0.52,1.0
2476,0.02432,0.5,1.0
2477,0.02434,0.5,1.0
2478,0.024360000000000007,0.48,1.0
2479,0.024380000000000006,0.48,1.0
2480,0.024400000000000005,0.46,1.0
2481,0.024420000000000004,0.44,1.0
2482,0.024440000000000003,0.44,1.0
2483,0.024460000000000003,0.42,1.0
2484,0.024480000000000002,0.42,1.0
2485,0.0245,0.42,1.0
2486,0.024520000000000007,0.4,1.0
2487,0.024540000000000006,0.4,1.0
2488,0.024560000000000005,0.38,1.0
2489,0.024580000000000005,0.36,1.0
2490,0.024600000000000004,0.36,1.0
2491,0.024620000000000003,0.34,1.0
2492,0.024640000000000002,0.34,1.0
2493,0.02466,0.32,0.98
2494,0.02468,0.3,0.98
2495,0.024700000000000007,0.3,0.98
2496,0.024720000000000006,0.28,0.98
2497,0.024740000000000005,0.28,0.98
2498,0.024760000000000004,0.26,0.98
2499,0.024780000000000003,0.24,0.98
