,time (s),Channel 1 (V),Channel 2 (V)
0,-5.1e-05,-3.04,-3.12
1,-5.096e-05,-3.04,-3.12
2,-5.092e-05,-3.04,-3.08
3,-5.088e-05,-3.04,-3.08
4,-5.084e-05,-3.04,-3.08
5,-5.08e-05,-3.04,-3.04
6,-5.076e-05,-3.04,-3.04
7,-5.072e-05,-3.04,-3.04
8,-5.068e-05,-3.04,-3.0
9,-5.0639999999999996e-05,-3.04,-3.0
10,-5.06e-05,-3.04,-3.0
11,-5.056e-05,-3.04,-2.96
12,-5.052e-05,-3.04,-2.96
13,-5.048e-05,-3.04,-2.96
14,-5.044e-05,-3.04,-2.92
15,-5.04e-05,-3.04,-2.92
16,-5.036e-05,-3.04,-2.92
17,-5.032e-05,-3.04,-2.88
18,-5.028e-05,-3.04,-2.88
19,-5.024e-05,-3.04,-2.88
20,-5.02e-05,-3.04,-2.88
21,-5.016e-05,-3.04,-2.84
22,-5.012e-05,-3.04,-2.84
23,-5.008e-05,-3.04,-2.84
24,-5.004e-05,-3.04,-2.8000000000000003
25,-5e-05,-3.04,-2.8000000000000003
26,-4.996e-05,-3.04,-2.8000000000000003
27,-4.9919999999999996e-05,-3.04,-2.8000000000000003
28,-4.988e-05,-3.04,-2.7600000000000002
29,-4.984e-05,-3.04,-2.7600000000000002
30,-4.98e-05,-3.04,-2.7600000000000002
31,-4.976e-05,-3.04,-2.72
32,-4.972e-05,-3.04,-2.72
33,-4.968e-05,-3.04,-2.72
34,-4.964e-05,-3.04,-2.72
35,-4.96e-05,-3.04,-2.68
36,-4.956e-05,-3.04,-2.68
37,-4.952e-05,-3.04,-2.68
38,-4.948e-05,-3.04,-2.64
39,-4.944e-05,-3.04,-2.64
40,-4.94e-05,-3.04,-2.64
41,-4.936e-05,-3.04,-2.64
42,-4.932e-05,-3.04,-2.6
43,-4.928e-05,-3.04,-2.6
44,-4.9239999999999996e-05,-3.04,-2.6
45,-4.9199999999999997e-05,-3.04,-2.6
46,-4.916e-05,-3.04,-2.56
47,-4.912e-05,-3.04,-2.56
48,-4.908e-05,-3.04,-2.56
49,-4.904e-05,-3.04,-2.56
50,-4.9e-05,-3.04,-2.52
51,-4.896e-05,-3.04,-2.52
52,-4.892e-05,-3.04,-2.52
53,-4.888e-05,-3.04,-2.52
54,-4.884e-05,-3.04,-2.48
55,-4.88e-05,-3.04,-2.48
56,-4.876e-05,-3.04,-2.48
57,-4.872e-05,-3.04,-2.48
58,-4.868e-05,-3.04,-2.44
59,-4.864e-05,-3.04,-2.44
60,-4.86e-05,-3.04,-2.44
61,-4.856e-05,-3.04,-2.44
62,-4.852e-05,-3.04,-2.44
63,-4.848e-05,-3.04,-2.4
64,-4.844e-05,-3.04,-2.4
65,-4.84e-05,-3.04,-2.4
66,-4.836e-05,-3.04,-2.4
67,-4.832e-05,-3.04,-2.36
68,-4.828e-05,-3.04,-2.36
69,-4.824e-05,-3.04,-2.36
70,-4.82e-05,-3.04,-2.36
71,-4.816e-05,-3.04,-2.36
72,-4.812e-05,-3.04,-2.32
73,-4.808e-05,-3.04,-2.32
74,-4.804e-05,-3.04,-2.32
75,-4.8e-05,-3.04,-2.32
76,-4.796e-05,-3.04,-2.2800000000000002
77,-4.792e-05,-3.04,-2.2800000000000002
78,-4.788e-05,-3.04,-2.2800000000000002
79,-4.784e-05,-3.04,-2.2800000000000002
80,-4.7799999999999996e-05,-3.04,-2.2800000000000002
81,-4.776e-05,-3.04,-2.24
82,-4.772e-05,-3.04,-2.24
83,-4.768e-05,-3.04,-2.24
84,-4.764e-05,-3.04,-2.24
85,-4.76e-05,-3.04,-2.24
86,-4.756e-05,-3.04,-2.2
87,-4.752e-05,-3.04,-2.2
88,-4.748e-05,-3.04,-2.2
89,-4.744e-05,-3.04,-2.2
90,-4.74e-05,-3.04,-2.2
91,-4.736e-05,-3.04,-2.2
92,-4.732e-05,-3.04,-2.16
93,-4.728e-05,-3.04,-2.16
94,-4.724e-05,-3.04,-2.16
95,-4.72e-05,-3.04,-2.16
96,-4.716e-05,-3.04,-2.16
97,-4.7119999999999996e-05,-3.04,-2.16
98,-4.708e-05,-3.04,-2.12
99,-4.704e-05,-3.04,-2.12
100,-4.7e-05,-3.04,-2.12
101,-4.696e-05,-3.04,-2.12
102,-4.692e-05,-3.04,-2.12
103,-4.688e-05,-3.04,-2.12
104,-4.684e-05,-3.04,-2.08
105,-4.68e-05,-3.04,-2.08
106,-4.676e-05,-3.04,-2.08
107,-4.672e-05,-3.04,-2.08
108,-4.668e-05,-3.04,-2.08
109,-4.664e-05,-3.04,-2.08
110,-4.66e-05,-3.04,-2.04
111,-4.656e-05,-3.04,-2.04
112,-4.652e-05,-3.04,-2.04
113,-4.648e-05,-3.04,-2.04
114,-4.6439999999999996e-05,-3.04,-2.04
115,-4.64e-05,-3.04,-2.04
116,-4.6359999999999997e-05,-3.04,-2.04
117,-4.632e-05,-3.04,-2.0
118,-4.628e-05,-3.04,-2.0
119,-4.624e-05,-3.04,-2.0
120,-4.62e-05,-3.04,-2.0
121,-4.616e-05,-3.04,-2.0
122,-4.612e-05,-3.04,-2.0
123,-4.608e-05,-3.08,-2.0
124,-4.604e-05,-3.04,-1.96
125,-4.6e-05,-3.04,-1.96
126,-4.596e-05,-3.04,-1.96
127,-4.592e-05,-3.04,-1.96
128,-4.588e-05,-3.04,-1.96
129,-4.584e-05,-3.04,-1.96
130,-4.58e-05,-3.04,-1.96
131,-4.576e-05,-3.08,-1.96
132,-4.572e-05,-3.04,-1.92
133,-4.5679999999999996e-05,-3.04,-1.92
134,-4.564e-05,-3.04,-1.92
135,-4.56e-05,-3.08,-1.92
136,-4.556e-05,-3.04,-1.92
137,-4.552e-05,-3.04,-1.92
138,-4.548e-05,-3.08,-1.92
139,-4.544e-05,-3.08,-1.92
140,-4.54e-05,-3.04,-1.92
141,-4.536e-05,-3.08,-1.8800000000000001
142,-4.532e-05,-3.08,-1.8800000000000001
143,-4.528e-05,-3.04,-1.8800000000000001
144,-4.524e-05,-3.08,-1.8800000000000001
145,-4.52e-05,-3.08,-1.8800000000000001
146,-4.516e-05,-3.08,-1.8800000000000001
147,-4.512e-05,-3.08,-1.8800000000000001
148,-4.508e-05,-3.08,-1.8800000000000001
149,-4.504e-05,-3.08,-1.8800000000000001
150,-4.4999999999999996e-05,-3.08,-1.84
151,-4.496e-05,-3.08,-1.84
152,-4.492e-05,-3.08,-1.84
153,-4.488e-05,-3.08,-1.84
154,-4.484e-05,-3.08,-1.84
155,-4.48e-05,-3.08,-1.84
156,-4.476e-05,-3.08,-1.84
157,-4.472e-05,-3.08,-1.84
158,-4.468e-05,-3.08,-1.84
159,-4.464e-05,-3.08,-1.84
160,-4.46e-05,-3.08,-1.8
161,-4.456e-05,-3.08,-1.8
162,-4.452e-05,-3.08,-1.8
163,-4.448e-05,-3.08,-1.8
164,-4.444e-05,-3.08,-1.8
165,-4.44e-05,-3.08,-1.8
166,-4.436e-05,-3.08,-1.8
167,-4.4319999999999996e-05,-3.08,-1.8
168,-4.428e-05,-3.08,-1.8
169,-4.4239999999999997e-05,-3.08,-1.8
170,-4.42e-05,-3.08,-1.8
171,-4.416e-05,-3.08,-1.76
172,-4.412e-05,-3.08,-1.76
173,-4.408e-05,-3.08,-1.76
174,-4.404e-05,-3.08,-1.76
175,-4.4e-05,-3.08,-1.76
176,-4.396e-05,-3.08,-1.76
177,-4.392e-05,-3.08,-1.76
178,-4.388e-05,-3.08,-1.76
179,-4.384e-05,-3.08,-1.76
180,-4.38e-05,-3.08,-1.76
181,-4.376e-05,-3.08,-1.76
182,-4.372e-05,-3.08,-1.76
183,-4.368e-05,-3.08,-1.76
184,-4.364e-05,-3.08,-1.72
185,-4.36e-05,-3.08,-1.72
186,-4.3559999999999996e-05,-3.08,-1.72
187,-4.352e-05,-3.08,-1.72
188,-4.348e-05,-3.08,-1.72
189,-4.344e-05,-3.08,-1.72
190,-4.34e-05,-3.08,-1.72
191,-4.336e-05,-3.08,-1.72
192,-4.332e-05,-3.08,-1.72
193,-4.328e-05,-3.08,-1.72
194,-4.324e-05,-3.08,-1.72
195,-4.32e-05,-3.08,-1.72
196,-4.316e-05,-3.08,-1.72
197,-4.312e-05,-3.08,-1.68
198,-4.308e-05,-3.08,-1.68
199,-4.304e-05,-3.08,-1.68
200,-4.3e-05,-3.08,-1.68
201,-4.2959999999999995e-05,-3.08,-1.68
202,-4.292e-05,-3.08,-1.68
203,-4.2879999999999996e-05,-3.08,-1.68
204,-4.284e-05,-3.08,-1.68
205,-4.28e-05,-3.08,-1.68
206,-4.276e-05,-3.08,-1.68
207,-4.272e-05,-3.08,-1.68
208,-4.268e-05,-3.08,-1.68
209,-4.264e-05,-3.08,-1.68
210,-4.26e-05,-3.08,-1.68
211,-4.256e-05,-3.08,-1.68
212,-4.252e-05,-3.08,-1.68
213,-4.248e-05,-3.08,-1.68
214,-4.244e-05,-3.08,-1.6400000000000001
215,-4.24e-05,-3.08,-1.6400000000000001
216,-4.236e-05,-3.08,-1.6400000000000001
217,-4.232e-05,-3.08,-1.6400000000000001
218,-4.228e-05,-3.08,-1.6400000000000001
219,-4.224e-05,-3.08,-1.6400000000000001
220,-4.2199999999999996e-05,-3.08,-1.6400000000000001
221,-4.216e-05,-3.08,-1.6400000000000001
222,-4.2119999999999997e-05,-3.08,-1.6400000000000001
223,-4.208e-05,-3.08,-1.6400000000000001
224,-4.204e-05,-3.08,-1.6400000000000001
225,-4.2e-05,-3.08,-1.6400000000000001
226,-4.196e-05,-3.08,-1.6400000000000001
227,-4.192e-05,-3.08,-1.6400000000000001
228,-4.188e-05,-3.08,-1.6400000000000001
229,-4.184e-05,-3.08,-1.6400000000000001
230,-4.18e-05,-3.08,-1.6400000000000001
231,-4.176e-05,-3.08,-1.6400000000000001
232,-4.172e-05,-3.08,-1.6400000000000001
233,-4.168e-05,-3.08,-1.6400000000000001
234,-4.164e-05,-3.08,-1.6400000000000001
235,-4.16e-05,-3.08,-1.6
236,-4.156e-05,-3.08,-1.6
237,-4.1519999999999995e-05,-3.08,-1.6
238,-4.148e-05,-3.08,-1.6
239,-4.1439999999999996e-05,-3.08,-1.6
240,-4.1400000000000003e-05,-3.08,-1.6
241,-4.136e-05,-3.08,-1.6
242,-4.132e-05,-3.08,-1.6
243,-4.128e-05,-3.08,-1.6
244,-4.124e-05,-3.08,-1.6
245,-4.12e-05,-3.08,-1.6
246,-4.116e-05,-3.08,-1.6
247,-4.112e-05,-3.08,-1.6
248,-4.108e-05,-3.08,-1.6
249,-4.104e-05,-3.08,-1.6
250,-4.1e-05,-3.08,-1.6
251,-4.096e-05,-3.08,-1.6
252,-4.092e-05,-3.08,-1.6
253,-4.088e-05,-3.08,-1.6
254,-4.0839999999999995e-05,-3.08,-1.6
255,-4.08e-05,-3.08,-1.6
256,-4.0759999999999996e-05,-3.08,-1.6
257,-4.072e-05,-3.08,-1.6
258,-4.068e-05,-3.08,-1.6
259,-4.064e-05,-3.08,-1.6
260,-4.06e-05,-3.08,-1.6
261,-4.056e-05,-3.08,-1.6
262,-4.052e-05,-3.08,-1.56
263,-4.048e-05,-3.08,-1.56
264,-4.044e-05,-3.08,-1.56
265,-4.04e-05,-3.08,-1.56
266,-4.036e-05,-3.08,-1.56
267,-4.032e-05,-3.08,-1.56
268,-4.028e-05,-3.08,-1.56
269,-4.024e-05,-3.08,-1.56
270,-4.02e-05,-3.08,-1.56
271,-4.016e-05,-3.08,-1.56
272,-4.012e-05,-3.08,-1.56
273,-4.0079999999999996e-05,-3.08,-1.56
274,-4.004e-05,-3.08,-1.56
275,-3.9999999999999996e-05,-3.08,-1.56
276,-3.996e-05,-3.08,-1.56
277,-3.992e-05,-3.08,-1.56
278,-3.988e-05,-3.08,-1.56
279,-3.984e-05,-3.08,-1.56
280,-3.98e-05,-3.08,-1.56
281,-3.976e-05,-3.08,-1.56
282,-3.972e-05,-3.08,-1.56
283,-3.968e-05,-3.08,-1.56
284,-3.964e-05,-3.08,-1.56
285,-3.96e-05,-3.08,-1.56
286,-3.956e-05,-3.08,-1.56
287,-3.952e-05,-3.08,-1.56
288,-3.948e-05,-3.08,-1.56
289,-3.944e-05,-3.08,-1.56
290,-3.9399999999999995e-05,-3.08,-1.56
291,-3.936e-05,-3.08,-1.56
292,-3.9319999999999996e-05,-3.08,-1.56
293,-3.9280000000000003e-05,-3.08,-1.56
294,-3.924e-05,-3.08,-1.56
295,-3.92e-05,-3.08,-1.56
296,-3.916e-05,-3.08,-1.56
297,-3.912e-05,-3.08,-1.56
298,-3.908e-05,-3.08,-1.56
299,-3.904e-05,-3.08,-1.52
300,-3.9e-05,-3.08,-1.56
301,-3.896e-05,-3.08,-1.52
302,-3.892e-05,-3.08,-1.52
303,-3.888e-05,-3.08,-1.52
304,-3.884e-05,-3.08,-1.52
305,-3.88e-05,-3.08,-1.52
306,-3.876e-05,-3.08,-1.52
307,-3.8719999999999995e-05,-3.08,-1.52
308,-3.868e-05,-3.08,-1.52
309,-3.8639999999999996e-05,-3.08,-1.52
310,-3.86e-05,-3.08,-1.52
311,-3.856e-05,-3.08,-1.52
312,-3.852e-05,-3.08,-1.52
313,-3.848e-05,-3.08,-1.52
314,-3.844e-05,-3.08,-1.52
315,-3.84e-05,-3.08,-1.52
316,-3.836e-05,-3.08,-1.52
317,-3.832e-05,-3.08,-1.52
318,-3.828e-05,-3.08,-1.52
319,-3.824e-05,-3.08,-1.52
320,-3.82e-05,-3.08,-1.52
321,-3.816e-05,-3.08,-1.52
322,-3.812e-05,-3.08,-1.52
323,-3.808e-05,-3.08,-1.52
324,-3.804e-05,-3.08,-1.52
325,-3.8e-05,-3.08,-1.52
326,-3.7959999999999996e-05,-3.08,-1.52
327,-3.792e-05,-3.08,-1.52
328,-3.7879999999999996e-05,-3.08,-1.52
329,-3.784e-05,-3.08,-1.52
330,-3.78e-05,-3.08,-1.52
331,-3.776e-05,-3.08,-1.52
332,-3.772e-05,-3.08,-1.52
333,-3.768e-05,-3.08,-1.52
334,-3.764e-05,-3.08,-1.52
335,-3.76e-05,-3.08,-1.52
336,-3.756e-05,-3.08,-1.52
337,-3.752e-05,-3.08,-1.52
338,-3.748e-05,-3.08,-1.52
339,-3.744e-05,-3.08,-1.52
340,-3.74e-05,-3.08,-1.52
341,-3.736e-05,-3.08,-1.52
342,-3.732e-05,-3.08,-1.52
343,-3.7279999999999995e-05,-3.08,-1.52
344,-3.724e-05,-3.08,-1.52
345,-3.7199999999999996e-05,-3.08,-1.52
346,-3.716e-05,-3.08,-1.52
347,-3.712e-05,-3.08,-1.52
348,-3.708e-05,-3.08,-1.52
349,-3.704e-05,-3.08,-1.52
350,-3.7e-05,-3.08,-1.52
351,-3.696e-05,-3.08,-1.52
352,-3.692e-05,-3.08,-1.52
353,-3.688e-05,-3.08,-1.52
354,-3.684e-05,-3.08,-1.52
355,-3.68e-05,-3.08,-1.52
356,-3.676e-05,-3.08,-1.52
357,-3.672e-05,-3.08,-1.52
358,-3.668e-05,-3.08,-1.52
359,-3.664e-05,-3.08,-1.52
360,-3.6599999999999995e-05,-3.08,-1.52
361,-3.656e-05,-3.08,-1.52
362,-3.6519999999999996e-05,-3.08,-1.48
363,-3.648e-05,-3.08,-1.48
364,-3.644e-05,-3.08,-1.48
365,-3.64e-05,-3.08,-1.48
366,-3.636e-05,-3.08,-1.48
367,-3.632e-05,-3.08,-1.48
368,-3.628e-05,-3.08,-1.48
369,-3.624e-05,-3.08,-1.48
370,-3.62e-05,-3.08,-1.48
371,-3.616e-05,-3.08,-1.48
372,-3.612e-05,-3.08,-1.48
373,-3.608e-05,-3.08,-1.48
374,-3.604e-05,-3.08,-1.48
375,-3.6e-05,-3.08,-1.48
376,-3.596e-05,-3.08,-1.48
377,-3.592e-05,-3.08,-1.48
378,-3.588e-05,-3.08,-1.48
379,-3.5839999999999996e-05,-3.08,-1.48
380,-3.58e-05,-3.08,-1.48
381,-3.5759999999999996e-05,-3.08,-1.48
382,-3.5720000000000004e-05,-3.08,-1.48
383,-3.568e-05,-3.08,-1.48
384,-3.564e-05,-3.08,-1.48
385,-3.56e-05,-3.08,-1.48
386,-3.556e-05,-3.08,-1.48
387,-3.552e-05,-3.08,-1.48
388,-3.548e-05,-3.08,-1.48
389,-3.544e-05,-3.08,-1.48
390,-3.54e-05,-3.08,-1.48
391,-3.536e-05,-3.08,-1.48
392,-3.532e-05,-3.08,-1.48
393,-3.528e-05,-3.08,-1.48
394,-3.5239999999999995e-05,-3.08,-1.48
395,-3.52e-05,-3.08,-1.48
396,-3.5159999999999995e-05,-3.08,-1.48
397,-3.512e-05,-3.08,-1.48
398,-3.5079999999999996e-05,-3.08,-1.48
399,-3.504e-05,-3.08,-1.48
400,-3.5e-05,-3.08,-1.48
401,-3.4960000000000004e-05,-3.08,-1.48
402,-3.492e-05,-3.08,-1.48
403,-3.488e-05,-3.08,-1.48
404,-3.484e-05,-3.08,-1.48
405,-3.48e-05,-3.08,-1.48
406,-3.476e-05,-3.08,-1.48
407,-3.472e-05,-3.08,-1.48
408,-3.468e-05,-3.08,-1.48
409,-3.464e-05,-3.08,-1.48
410,-3.46e-05,-3.08,-1.48
411,-3.4559999999999994e-05,-3.08,-1.48
412,-3.452e-05,-3.08,-1.48
413,-3.4479999999999995e-05,-3.08,-1.48
414,-3.444e-05,-3.08,-1.48
415,-3.4399999999999996e-05,-3.08,-1.48
416,-3.436e-05,-3.08,-1.48
417,-3.432e-05,-3.08,-1.48
418,-3.4280000000000004e-05,-3.08,-1.48
419,-3.424e-05,-3.08,-1.48
420,-3.42e-05,-3.08,-1.48
421,-3.416e-05,-3.08,-1.48
422,-3.412e-05,-3.08,-1.48
423,-3.408e-05,-3.08,-1.48
424,-3.404e-05,-3.08,-1.48
425,-3.4e-05,-3.08,-1.48
426,-3.396e-05,-3.08,-1.48
427,-3.392e-05,-3.08,-1.48
428,-3.388e-05,-3.08,-1.48
429,-3.384e-05,-3.08,-1.48
430,-3.3799999999999995e-05,-3.08,-1.48
431,-3.376e-05,-3.08,-1.48
432,-3.3719999999999996e-05,-3.08,-1.48
433,-3.368e-05,-3.08,-1.48
434,-3.3639999999999996e-05,-3.08,-1.48
435,-3.3600000000000004e-05,-3.08,-1.48
436,-3.356e-05,-3.08,-1.48
437,-3.352e-05,-3.08,-1.48
438,-3.348e-05,-3.08,-1.48
439,-3.344e-05,-3.08,-1.48
440,-3.34e-05,-3.08,-1.48
441,-3.336e-05,-3.08,-1.48
442,-3.332e-05,-3.08,-1.48
443,-3.328e-05,-3.08,-1.48
444,-3.324e-05,-3.08,-1.48
445,-3.32e-05,-3.08,-1.48
446,-3.316e-05,-3.08,-1.48
447,-3.3119999999999995e-05,-3.08,-1.48
448,-3.308e-05,-3.08,-1.48
449,-3.3039999999999995e-05,-3.08,-1.48
450,-3.3e-05,-3.08,-1.48
451,-3.2959999999999996e-05,-3.08,-1.48
452,-3.292e-05,-3.08,-1.48
453,-3.288e-05,-3.08,-1.48
454,-3.2840000000000004e-05,-3.08,-1.48
455,-3.28e-05,-3.04,-1.48
456,-3.276e-05,-3.08,-1.48
457,-3.272e-05,-3.08,-1.48
458,-3.268e-05,-3.08,-1.48
459,-3.264e-05,-3.04,-1.48
460,-3.26e-05,-3.04,-1.48
461,-3.256e-05,-3.04,-1.48
462,-3.252e-05,-3.04,-1.48
463,-3.248e-05,-3.04,-1.48
464,-3.2439999999999994e-05,-3.04,-1.48
465,-3.24e-05,-3.04,-1.48
466,-3.2359999999999995e-05,-3.04,-1.48
467,-3.232e-05,-3.04,-1.48
468,-3.2279999999999996e-05,-3.04,-1.48
469,-3.224e-05,-3.04,-1.48
470,-3.22e-05,-3.04,-1.48
471,-3.2160000000000004e-05,-3.04,-1.48
472,-3.212e-05,-3.04,-1.48
473,-3.208e-05,-3.04,-1.48
474,-3.204e-05,-3.04,-1.48
475,-3.2e-05,-3.04,-1.48
476,-3.196e-05,-3.04,-1.48
477,-3.192e-05,-3.04,-1.48
478,-3.188e-05,-3.04,-1.48
479,-3.184e-05,-3.04,-1.48
480,-3.18e-05,-3.04,-1.48
481,-3.176e-05,-3.04,-1.48
482,-3.172e-05,-3.04,-1.48
483,-3.1679999999999995e-05,-3.04,-1.48
484,-3.164e-05,-3.04,-1.48
485,-3.1599999999999996e-05,-3.04,-1.48
486,-3.156e-05,-3.04,-1.48
487,-3.1519999999999996e-05,-3.04,-1.48
488,-3.1480000000000004e-05,-3.04,-1.48
489,-3.144e-05,-3.04,-1.48
490,-3.14e-05,-3.04,-1.48
491,-3.136e-05,-3.04,-1.48
492,-3.132e-05,-3.04,-1.48
493,-3.128e-05,-3.04,-1.48
494,-3.124e-05,-3.04,-1.48
495,-3.12e-05,-3.04,-1.44
496,-3.116e-05,-3.04,-1.48
497,-3.112e-05,-3.04,-1.44
498,-3.108e-05,-3.04,-1.48
499,-3.104e-05,-3.04,-1.48
500,-3.0999999999999995e-05,-3.04,-1.48
501,-3.096e-05,-3.04,-1.48
502,-3.0919999999999995e-05,-3.04,-1.48
503,-3.088e-05,-3.04,-1.48
504,-3.0839999999999996e-05,-3.04,-1.44
505,-3.08e-05,-3.04,-1.44
506,-3.076e-05,-3.04,-1.48
507,-3.0720000000000004e-05,-3.04,-1.48
508,-3.068e-05,-3.04,-1.44
509,-3.064e-05,-3.04,-1.44
510,-3.06e-05,-3.04,-1.44
511,-3.056e-05,-3.04,-1.44
512,-3.052e-05,-3.04,-1.44
513,-3.048e-05,-3.04,-1.44
514,-3.044e-05,-3.04,-1.44
515,-3.04e-05,-3.04,-1.44
516,-3.036e-05,-3.04,-1.44
517,-3.0319999999999998e-05,-3.04,-1.44
518,-3.0279999999999998e-05,-3.04,-1.44
519,-3.024e-05,-3.04,-1.44
520,-3.02e-05,-3.04,-1.44
521,-3.016e-05,-3.04,-1.44
522,-3.012e-05,-3.04,-1.44
523,-3.008e-05,-3.04,-1.44
524,-3.004e-05,-3.04,-1.44
525,-3e-05,-3.04,-1.44
526,-2.9959999999999998e-05,-3.04,-1.44
527,-2.9919999999999998e-05,-3.04,-1.44
528,-2.988e-05,-3.04,-1.44
529,-2.984e-05,-3.04,-1.44
530,-2.98e-05,-3.04,-1.44
531,-2.976e-05,-3.04,-1.44
532,-2.972e-05,-3.04,-1.44
533,-2.968e-05,-3.04,-1.44
534,-2.964e-05,-3.04,-1.44
535,-2.9599999999999998e-05,-3.04,-1.44
536,-2.9559999999999998e-05,-1.68,-0.96
537,-2.952e-05,2.84,1.92
538,-2.948e-05,3.0,2.24
539,-2.944e-05,3.0,2.24
540,-2.94e-05,2.96,2.24
541,-2.936e-05,2.96,2.24
542,-2.932e-05,2.96,2.24
543,-2.9279999999999997e-05,2.96,2.24
544,-2.9239999999999998e-05,2.96,2.24
545,-2.9199999999999998e-05,2.96,2.24
546,-2.916e-05,2.96,2.24
547,-2.912e-05,2.96,2.24
548,-2.908e-05,2.96,2.24
549,-2.904e-05,2.96,2.24
550,-2.9e-05,2.96,2.24
551,-2.896e-05,2.96,2.24
552,-2.8919999999999998e-05,2.96,2.24
553,-2.8879999999999998e-05,2.96,2.24
554,-2.884e-05,2.96,2.24
555,-2.88e-05,2.96,2.24
556,-2.876e-05,2.96,2.24
557,-2.872e-05,2.96,2.24
558,-2.868e-05,2.96,2.24
559,-2.864e-05,2.96,2.24
560,-2.86e-05,2.96,2.24
561,-2.8559999999999998e-05,2.96,2.24
562,-2.8519999999999998e-05,2.96,2.24
563,-2.848e-05,2.96,2.24
564,-2.844e-05,2.96,2.24
565,-2.84e-05,2.96,2.24
566,-2.836e-05,2.96,2.24
567,-2.832e-05,2.96,2.24
568,-2.828e-05,2.96,2.24
569,-2.824e-05,2.96,2.24
570,-2.8199999999999998e-05,2.96,2.24
571,-2.8159999999999998e-05,2.96,2.24
572,-2.812e-05,2.96,2.24
573,-2.808e-05,2.96,2.24
574,-2.804e-05,2.96,2.24
575,-2.8e-05,2.96,2.24
576,-2.796e-05,2.96,2.24
577,-2.792e-05,2.96,2.24
578,-2.788e-05,2.96,2.24
579,-2.7839999999999998e-05,2.96,2.24
580,-2.7799999999999998e-05,2.96,2.24
581,-2.776e-05,2.96,2.24
582,-2.772e-05,2.96,2.24
583,-2.768e-05,2.96,2.24
584,-2.764e-05,2.96,2.24
585,-2.76e-05,2.96,2.24
586,-2.756e-05,2.96,2.24
587,-2.752e-05,2.96,2.24
588,-2.7479999999999998e-05,2.96,2.24
589,-2.7439999999999998e-05,2.96,2.24
590,-2.74e-05,2.96,2.24
591,-2.736e-05,2.96,2.24
592,-2.732e-05,2.96,2.24
593,-2.728e-05,2.96,2.24
594,-2.724e-05,2.96,2.24
595,-2.72e-05,2.96,2.2
596,-2.7159999999999997e-05,2.96,2.24
597,-2.7119999999999998e-05,2.96,2.24
598,-2.7079999999999998e-05,2.96,2.24
599,-2.704e-05,2.96,2.2
600,-2.7e-05,2.96,2.24
601,-2.696e-05,2.96,2.2
602,-2.692e-05,2.96,2.2
603,-2.688e-05,2.96,2.2
604,-2.684e-05,2.96,2.2
605,-2.6799999999999998e-05,2.96,2.2
606,-2.6759999999999998e-05,2.96,2.2
607,-2.6719999999999998e-05,2.96,2.2
608,-2.668e-05,2.96,2.2
609,-2.664e-05,2.96,2.2
610,-2.66e-05,2.96,2.2
611,-2.656e-05,2.96,2.2
612,-2.652e-05,2.96,2.2
613,-2.648e-05,3.0,2.2
614,-2.6439999999999998e-05,2.96,2.2
615,-2.6399999999999998e-05,3.0,2.2
616,-2.636e-05,2.96,2.2
617,-2.632e-05,3.0,2.2
618,-2.628e-05,3.0,2.2
619,-2.624e-05,2.96,2.2
620,-2.62e-05,3.0,2.2
621,-2.616e-05,2.96,2.2
622,-2.612e-05,3.0,2.2
623,-2.6079999999999998e-05,2.96,2.2
624,-2.6039999999999998e-05,3.0,2.2
625,-2.6e-05,3.0,2.2
626,-2.596e-05,3.0,2.2
627,-2.592e-05,3.0,2.2
628,-2.588e-05,2.96,2.2
629,-2.584e-05,3.0,2.2
630,-2.58e-05,3.0,2.2
631,-2.576e-05,3.0,2.2
632,-2.5719999999999998e-05,3.0,2.2
633,-2.5679999999999998e-05,3.0,2.2
634,-2.564e-05,3.0,2.2
635,-2.56e-05,3.0,2.2
636,-2.556e-05,3.0,2.2
637,-2.552e-05,3.0,2.2
638,-2.548e-05,3.0,2.2
639,-2.544e-05,3.0,2.2
640,-2.54e-05,3.0,2.2
641,-2.5359999999999998e-05,3.0,2.2
642,-2.5319999999999998e-05,3.0,2.2
643,-2.528e-05,3.0,2.2
644,-2.524e-05,3.0,2.2
645,-2.52e-05,3.0,2.2
646,-2.516e-05,3.0,2.2
647,-2.512e-05,3.0,2.2
648,-2.508e-05,3.0,2.2
649,-2.5039999999999997e-05,3.0,2.2
650,-2.4999999999999998e-05,3.0,2.2
651,-2.4959999999999998e-05,3.0,2.2
652,-2.492e-05,3.0,2.2
653,-2.488e-05,3.0,2.2
654,-2.484e-05,3.0,2.2
655,-2.48e-05,3.0,2.2
656,-2.476e-05,3.0,2.2
657,-2.472e-05,3.0,2.2
658,-2.4679999999999997e-05,3.0,2.2
659,-2.4639999999999998e-05,3.0,2.2
660,-2.4599999999999998e-05,3.0,2.2
661,-2.456e-05,3.0,2.2
662,-2.452e-05,3.0,2.2
663,-2.448e-05,3.0,2.2
664,-2.444e-05,3.0,2.2
665,-2.44e-05,3.0,2.2
666,-2.436e-05,3.0,2.2
667,-2.4319999999999998e-05,3.0,2.2
668,-2.4279999999999998e-05,3.0,2.2
669,-2.424e-05,3.0,2.2
670,-2.42e-05,3.0,2.2
671,-2.416e-05,3.0,2.2
672,-2.412e-05,3.0,2.2
673,-2.408e-05,3.0,2.2
674,-2.404e-05,3.0,2.2
675,-2.4e-05,3.0,2.2
676,-2.3959999999999998e-05,3.0,2.2
677,-2.3919999999999998e-05,3.0,2.2
678,-2.388e-05,3.0,2.2
679,-2.384e-05,3.0,2.2
680,-2.38e-05,3.0,2.2
681,-2.376e-05,3.0,2.2
682,-2.372e-05,3.0,2.2
683,-2.368e-05,3.0,2.2
684,-2.364e-05,3.0,2.2
685,-2.3599999999999998e-05,3.0,2.2
686,-2.3559999999999998e-05,3.0,2.2
687,-2.352e-05,3.0,2.2
688,-2.348e-05,3.0,2.2
689,-2.344e-05,3.0,2.2
690,-2.34e-05,3.0,2.2
691,-2.336e-05,3.0,2.2
692,-2.332e-05,3.0,2.2
693,-2.3279999999999997e-05,3.0,2.2
694,-2.3239999999999998e-05,3.0,2.2
695,-2.3199999999999998e-05,3.0,2.2
696,-2.316e-05,3.0,2.2
697,-2.312e-05,3.0,2.2
698,-2.308e-05,3.0,2.2
699,-2.304e-05,3.0,2.2
700,-2.3e-05,3.0,2.2
701,-2.296e-05,3.0,2.2
702,-2.2919999999999997e-05,3.0,2.2
703,-2.2879999999999998e-05,3.0,2.2
704,-2.2839999999999998e-05,3.0,2.2
705,-2.28e-05,3.0,2.2
706,-2.276e-05,3.0,2.2
707,-2.272e-05,3.0,2.2
708,-2.268e-05,3.0,2.2
709,-2.264e-05,3.0,2.2
710,-2.26e-05,3.0,2.2
711,-2.2559999999999997e-05,3.0,2.2
712,-2.2519999999999998e-05,3.0,2.2
713,-2.2479999999999998e-05,3.0,2.2
714,-2.244e-05,3.0,2.2
715,-2.24e-05,3.0,2.2
716,-2.236e-05,3.0,2.2
717,-2.232e-05,3.0,2.2
718,-2.228e-05,3.0,2.2
719,-2.224e-05,3.0,2.2
720,-2.2199999999999998e-05,3.0,2.2
721,-2.2159999999999998e-05,3.0,2.2
722,-2.2119999999999998e-05,3.0,2.2
723,-2.208e-05,3.0,2.2
724,-2.204e-05,3.0,2.2
725,-2.2e-05,3.0,2.2
726,-2.196e-05,3.0,2.2
727,-2.192e-05,3.0,2.2
728,-2.188e-05,3.0,2.2
729,-2.1839999999999998e-05,3.0,2.2
730,-2.1799999999999998e-05,3.0,2.2
731,-2.176e-05,3.0,2.2
732,-2.172e-05,3.0,2.2
733,-2.168e-05,3.0,2.2
734,-2.164e-05,3.0,2.2
735,-2.16e-05,3.0,2.2
736,-2.156e-05,3.0,2.2
737,-2.152e-05,3.0,2.2
738,-2.1479999999999998e-05,3.0,2.2
739,-2.1439999999999998e-05,3.0,2.2
740,-2.14e-05,3.0,2.2
741,-2.136e-05,3.0,2.2
742,-2.132e-05,3.0,2.2
743,-2.128e-05,3.0,2.2
744,-2.124e-05,3.0,2.2
745,-2.12e-05,3.0,2.2
746,-2.1159999999999997e-05,3.0,2.2
747,-2.1119999999999998e-05,3.0,2.2
748,-2.1079999999999998e-05,3.0,2.2
749,-2.104e-05,3.0,2.2
750,-2.1e-05,3.0,2.2
751,-2.096e-05,3.0,2.2
752,-2.092e-05,3.0,2.2
753,-2.088e-05,3.0,2.2
754,-2.084e-05,3.0,2.2
755,-2.0799999999999997e-05,3.0,2.2
756,-2.0759999999999998e-05,3.0,2.2
757,-2.0719999999999998e-05,3.0,2.2
758,-2.068e-05,3.0,2.2
759,-2.064e-05,3.0,2.2
760,-2.06e-05,3.0,2.2
761,-2.056e-05,3.0,2.2
762,-2.052e-05,3.0,2.2
763,-2.048e-05,3.0,2.2
764,-2.044e-05,3.0,2.2
765,-2.04e-05,3.0,2.2
766,-2.036e-05,3.0,2.2
767,-2.0320000000000002e-05,3.0,2.2
768,-2.0279999999999996e-05,3.0,2.2
769,-2.0239999999999996e-05,3.0,2.2
770,-2.0199999999999996e-05,3.0,2.2
771,-2.0159999999999997e-05,3.0,2.2
772,-2.0119999999999997e-05,3.0,2.2
773,-2.0079999999999997e-05,3.0,2.2
774,-2.0039999999999998e-05,3.0,2.2
775,-1.9999999999999998e-05,3.0,2.2
776,-1.996e-05,3.0,2.2
777,-1.992e-05,3.0,2.2
778,-1.988e-05,3.0,2.2
779,-1.984e-05,3.0,2.2
780,-1.98e-05,3.0,2.2
781,-1.976e-05,3.0,2.2
782,-1.972e-05,3.0,2.2
783,-1.968e-05,3.0,2.2
784,-1.9640000000000002e-05,3.0,2.2
785,-1.9600000000000002e-05,3.0,2.2
786,-1.9559999999999996e-05,3.0,2.2
787,-1.9519999999999996e-05,3.0,2.2
788,-1.9479999999999996e-05,3.0,2.2
789,-1.9439999999999997e-05,3.0,2.2
790,-1.9399999999999997e-05,3.0,2.2
791,-1.9359999999999998e-05,3.0,2.2
792,-1.9319999999999998e-05,3.0,2.2
793,-1.928e-05,3.0,2.2
794,-1.924e-05,3.0,2.2
795,-1.92e-05,3.0,2.2
796,-1.916e-05,3.0,2.2
797,-1.912e-05,3.0,2.2
798,-1.908e-05,3.0,2.2
799,-1.904e-05,3.0,2.2
800,-1.9e-05,3.0,2.2
801,-1.896e-05,3.0,2.2
802,-1.8920000000000002e-05,3.0,2.2
803,-1.8880000000000002e-05,3.0,2.2
804,-1.8839999999999996e-05,3.0,2.2
805,-1.8799999999999996e-05,3.0,2.2
806,-1.8759999999999997e-05,3.0,2.2
807,-1.8719999999999997e-05,3.0,2.2
808,-1.8679999999999997e-05,3.0,2.2
809,-1.8639999999999998e-05,3.0,2.2
810,-1.8599999999999998e-05,3.0,2.2
811,-1.856e-05,3.0,2.2
812,-1.852e-05,3.0,2.2
813,-1.848e-05,3.0,2.2
814,-1.844e-05,3.0,2.2
815,-1.84e-05,3.0,2.2
816,-1.836e-05,3.0,2.2
817,-1.832e-05,3.0,2.2
818,-1.828e-05,3.0,2.2
819,-1.824e-05,3.0,2.2
820,-1.8200000000000002e-05,3.0,2.2
821,-1.8159999999999996e-05,3.0,2.2
822,-1.8119999999999996e-05,3.0,2.2
823,-1.8079999999999996e-05,3.0,2.2
824,-1.8039999999999997e-05,3.0,2.2
825,-1.7999999999999997e-05,3.0,2.2
826,-1.7959999999999997e-05,3.0,2.2
827,-1.7919999999999998e-05,3.0,2.2
828,-1.7879999999999998e-05,3.0,2.2
829,-1.784e-05,3.0,2.2
830,-1.78e-05,3.0,2.2
831,-1.776e-05,3.0,2.2
832,-1.772e-05,3.0,2.2
833,-1.768e-05,3.0,2.2
834,-1.764e-05,3.0,2.2
835,-1.76e-05,3.0,2.2
836,-1.756e-05,3.0,2.2
837,-1.752e-05,3.0,2.2
838,-1.7480000000000002e-05,3.0,2.2
839,-1.7439999999999996e-05,3.0,2.2
840,-1.7399999999999996e-05,3.0,2.2
841,-1.7359999999999996e-05,3.0,2.2
842,-1.7319999999999997e-05,3.0,2.2
843,-1.7279999999999997e-05,3.0,2.2
844,-1.7239999999999998e-05,3.0,2.2
845,-1.7199999999999998e-05,3.0,2.2
846,-1.716e-05,3.0,2.2
847,-1.712e-05,3.0,2.2
848,-1.708e-05,3.0,2.2
849,-1.704e-05,3.04,2.2
850,-1.7e-05,3.0,2.2
851,-1.696e-05,3.0,2.2
852,-1.692e-05,3.0,2.2
853,-1.688e-05,3.0,2.2
854,-1.684e-05,3.0,2.2
855,-1.6800000000000002e-05,3.0,2.2
856,-1.6760000000000002e-05,3.04,2.2
857,-1.6719999999999996e-05,3.0,2.2
858,-1.6679999999999996e-05,3.0,2.2
859,-1.6639999999999997e-05,3.0,2.2
860,-1.6599999999999997e-05,3.0,2.2
861,-1.6559999999999997e-05,3.0,2.2
862,-1.6519999999999998e-05,3.0,2.2
863,-1.6479999999999998e-05,3.04,2.2
864,-1.644e-05,3.0,2.2
865,-1.64e-05,3.04,2.2
866,-1.636e-05,3.0,2.2
867,-1.632e-05,3.0,2.2
868,-1.628e-05,3.0,2.2
869,-1.624e-05,3.0,2.2
870,-1.62e-05,3.04,2.2
871,-1.616e-05,3.0,2.2
872,-1.612e-05,3.0,2.2
873,-1.6080000000000002e-05,3.0,2.2
874,-1.6039999999999996e-05,3.0,2.2
875,-1.5999999999999996e-05,3.04,2.2
876,-1.5959999999999996e-05,3.04,2.2
877,-1.5919999999999997e-05,3.04,2.2
878,-1.5879999999999997e-05,3.0,2.2
879,-1.5839999999999997e-05,3.04,2.2
880,-1.5799999999999998e-05,3.0,2.2
881,-1.5759999999999998e-05,3.0,2.2
882,-1.572e-05,3.0,2.2
883,-1.568e-05,3.0,2.2
884,-1.564e-05,3.0,2.2
885,-1.56e-05,3.0,2.2
886,-1.556e-05,3.04,2.2
887,-1.552e-05,3.0,2.2
888,-1.548e-05,3.0,2.2
889,-1.544e-05,3.04,2.2
890,-1.54e-05,3.0,2.2
891,-1.5360000000000002e-05,3.04,2.2
892,-1.5319999999999996e-05,3.0,2.2
893,-1.5279999999999996e-05,3.0,2.2
894,-1.5239999999999996e-05,3.0,2.2
895,-1.5199999999999997e-05,3.0,2.2
896,-1.5159999999999997e-05,3.04,2.2
897,-1.5119999999999998e-05,3.0,2.2
898,-1.5079999999999998e-05,3.04,2.2
899,-1.5039999999999998e-05,3.0,2.2
900,-1.4999999999999999e-05,3.04,2.2
901,-1.4959999999999999e-05,3.0,2.2
902,-1.492e-05,3.04,2.2
903,-1.488e-05,3.04,2.2
904,-1.484e-05,3.0,2.2
905,-1.48e-05,3.04,2.2
906,-1.4760000000000001e-05,3.04,2.2
907,-1.4720000000000001e-05,3.04,2.2
908,-1.4680000000000002e-05,3.04,2.2
909,-1.4640000000000002e-05,3.0,2.2
910,-1.4599999999999996e-05,3.04,2.2
911,-1.4559999999999996e-05,3.0,2.2
912,-1.4519999999999997e-05,3.04,2.2
913,-1.4479999999999997e-05,3.0,2.2
914,-1.4439999999999997e-05,3.0,2.2
915,-1.4399999999999998e-05,3.04,2.2
916,-1.4359999999999998e-05,3.0,2.2
917,-1.4319999999999998e-05,3.04,2.2
918,-1.4279999999999999e-05,3.0,2.2
919,-1.424e-05,3.04,2.2
920,-1.42e-05,3.0,2.2
921,-1.416e-05,3.04,2.2
922,-1.412e-05,3.04,2.2
923,-1.408e-05,3.0,2.2
924,-1.4040000000000001e-05,3.04,2.2
925,-1.4000000000000001e-05,3.0,2.2
926,-1.3960000000000002e-05,3.04,2.2
927,-1.3919999999999995e-05,3.04,2.2
928,-1.3879999999999996e-05,3.04,2.2
929,-1.3839999999999996e-05,3.04,2.2
930,-1.3799999999999997e-05,3.0,2.2
931,-1.3759999999999997e-05,3.04,2.2
932,-1.3719999999999997e-05,3.04,2.2
933,-1.3679999999999998e-05,3.04,2.2
934,-1.3639999999999998e-05,3.04,2.2
935,-1.3599999999999999e-05,3.04,2.2
936,-1.3559999999999999e-05,3.04,2.2
937,-1.352e-05,3.0,2.2
938,-1.348e-05,3.04,2.2
939,-1.344e-05,3.0,2.2
940,-1.34e-05,3.04,2.2
941,-1.336e-05,3.04,2.2
942,-1.3320000000000001e-05,3.04,2.2
943,-1.3280000000000002e-05,3.04,2.2
944,-1.3240000000000002e-05,3.0,2.2
945,-1.3199999999999996e-05,3.04,2.2
946,-1.3159999999999996e-05,3.0,2.2
947,-1.3119999999999996e-05,3.04,2.2
948,-1.3079999999999997e-05,3.04,2.2
949,-1.3039999999999997e-05,3.04,2.2
950,-1.2999999999999998e-05,3.04,2.2
951,-1.2959999999999998e-05,3.0,2.2
952,-1.2919999999999998e-05,3.04,2.2
953,-1.2879999999999999e-05,3.04,2.2
954,-1.2839999999999999e-05,3.04,2.2
955,-1.28e-05,3.04,2.2
956,-1.276e-05,3.04,2.2
957,-1.272e-05,3.04,2.2
958,-1.268e-05,3.0,2.2
959,-1.2640000000000001e-05,3.04,2.2
960,-1.2600000000000001e-05,3.04,2.2
961,-1.2560000000000002e-05,3.04,2.2
962,-1.2520000000000002e-05,3.04,2.2
963,-1.2479999999999996e-05,3.0,2.2
964,-1.2439999999999996e-05,3.04,2.2
965,-1.2399999999999996e-05,3.0,2.2
966,-1.2359999999999997e-05,3.04,2.2
967,-1.2319999999999997e-05,3.04,2.2
968,-1.2279999999999998e-05,3.04,2.2
969,-1.2239999999999998e-05,3.04,2.2
970,-1.2199999999999998e-05,3.04,2.2
971,-1.2159999999999999e-05,3.04,2.2
972,-1.212e-05,3.04,2.2
973,-1.208e-05,3.04,2.2
974,-1.204e-05,3.04,2.2
975,-1.2e-05,3.04,2.2
976,-1.196e-05,3.04,2.2
977,-1.1920000000000001e-05,3.0,2.2
978,-1.1880000000000001e-05,3.04,2.2
979,-1.1840000000000002e-05,3.04,2.2
980,-1.1799999999999995e-05,3.04,2.2
981,-1.1759999999999996e-05,3.04,2.2
982,-1.1719999999999996e-05,3.04,2.2
983,-1.1679999999999997e-05,3.04,2.2
984,-1.1639999999999997e-05,3.0,2.2
985,-1.1599999999999997e-05,3.04,2.2
986,-1.1559999999999998e-05,3.04,2.2
987,-1.1519999999999998e-05,3.04,2.2
988,-1.1479999999999999e-05,3.04,2.2
989,-1.1439999999999999e-05,3.04,2.2
990,-1.14e-05,3.04,2.2
991,-1.136e-05,3.04,2.2
992,-1.132e-05,3.04,2.2
993,-1.128e-05,3.04,2.2
994,-1.124e-05,3.04,2.2
995,-1.1200000000000001e-05,3.04,2.2
996,-1.1160000000000002e-05,3.04,2.2
997,-1.1120000000000002e-05,3.04,2.2
998,-1.1079999999999996e-05,3.04,2.2
999,-1.1039999999999996e-05,3.04,2.2
1000,-1.0999999999999996e-05,3.04,2.2
1001,-1.0959999999999997e-05,3.04,2.2
1002,-1.0919999999999997e-05,3.04,2.2
1003,-1.0879999999999997e-05,3.0,2.2
1004,-1.0839999999999998e-05,3.04,2.2
1005,-1.0799999999999998e-05,3.04,2.2
1006,-1.0759999999999999e-05,3.04,2.2
1007,-1.0719999999999999e-05,3.04,2.2
1008,-1.068e-05,3.04,2.2
1009,-1.064e-05,3.04,2.2
1010,-1.06e-05,3.04,2.2
1011,-1.056e-05,3.04,2.2
1012,-1.0520000000000001e-05,3.04,2.2
1013,-1.0480000000000001e-05,3.04,2.2
1014,-1.0440000000000002e-05,3.04,2.2
1015,-1.0400000000000002e-05,3.04,2.2
1016,-1.0359999999999996e-05,3.04,2.2
1017,-1.0319999999999996e-05,3.04,2.2
1018,-1.0279999999999996e-05,3.04,2.2
1019,-1.0239999999999997e-05,3.04,2.2
1020,-1.0199999999999997e-05,3.04,2.2
1021,-1.0159999999999998e-05,3.04,2.2
1022,-1.0119999999999998e-05,3.04,2.2
1023,-1.0079999999999998e-05,3.04,2.2
1024,-1.0039999999999999e-05,3.04,2.2
1025,-9.999999999999999e-06,3.04,2.2
1026,-9.96e-06,3.04,2.2
1027,-9.92e-06,3.04,2.2
1028,-9.88e-06,3.04,2.2
1029,-9.84e-06,3.04,2.2
1030,-9.800000000000001e-06,3.04,2.2
1031,-9.760000000000001e-06,3.04,2.2
1032,-9.720000000000002e-06,3.04,2.2
1033,-9.679999999999995e-06,3.04,2.2
1034,-9.639999999999996e-06,3.04,2.2
1035,-9.599999999999996e-06,3.04,2.2
1036,-9.559999999999997e-06,3.04,2.2
1037,-9.519999999999997e-06,3.04,2.2
1038,-9.479999999999997e-06,3.04,2.2
1039,-9.439999999999998e-06,3.04,2.2
1040,-9.399999999999998e-06,3.04,2.2
1041,-9.359999999999998e-06,3.04,2.2
1042,-9.319999999999999e-06,3.04,2.2
1043,-9.28e-06,3.0,2.2
1044,-9.24e-06,3.04,2.2
1045,-9.2e-06,3.04,2.2
1046,-9.16e-06,3.04,2.2
1047,-9.12e-06,3.04,2.2
1048,-9.080000000000001e-06,3.04,2.2
1049,-9.040000000000002e-06,3.04,2.2
1050,-9.000000000000002e-06,3.0,2.2
1051,-8.959999999999996e-06,3.04,2.2
1052,-8.919999999999996e-06,3.04,2.2
1053,-8.879999999999996e-06,3.04,2.2
1054,-8.839999999999997e-06,3.04,2.2
1055,-8.799999999999997e-06,3.04,2.2
1056,-8.759999999999997e-06,3.04,2.2
1057,-8.719999999999998e-06,3.04,2.2
1058,-8.679999999999998e-06,3.04,2.2
1059,-8.639999999999999e-06,3.04,2.2
1060,-8.599999999999999e-06,3.04,2.2
1061,-8.56e-06,3.04,2.2
1062,-8.52e-06,3.04,2.2
1063,-8.48e-06,3.04,2.2
1064,-8.44e-06,3.04,2.2
1065,-8.400000000000001e-06,3.04,2.2
1066,-8.360000000000001e-06,3.04,2.2
1067,-8.320000000000002e-06,3.04,2.2
1068,-8.280000000000002e-06,3.04,2.2
1069,-8.239999999999996e-06,3.0,2.2
1070,-8.199999999999996e-06,3.04,2.2
1071,-8.159999999999996e-06,3.04,2.2
1072,-8.119999999999997e-06,3.04,2.2
1073,-8.079999999999997e-06,3.04,2.2
1074,-8.039999999999998e-06,3.04,2.2
1075,-7.999999999999998e-06,3.04,2.2
1076,-7.959999999999998e-06,3.0,2.2
1077,-7.919999999999999e-06,3.04,2.2
1078,-7.879999999999999e-06,3.04,2.2
1079,-7.84e-06,3.04,2.2
1080,-7.8e-06,3.04,2.2
1081,-7.76e-06,3.04,2.2
1082,-7.72e-06,3.04,2.2
1083,-7.680000000000001e-06,3.0,2.2
1084,-7.640000000000001e-06,3.04,2.2
1085,-7.600000000000002e-06,3.04,2.2
1086,-7.559999999999995e-06,3.04,2.2
1087,-7.519999999999996e-06,3.04,2.2
1088,-7.479999999999996e-06,3.04,2.2
1089,-7.4399999999999965e-06,3.04,2.2
1090,-7.399999999999997e-06,3.04,2.2
1091,-7.359999999999997e-06,3.04,2.2
1092,-7.319999999999998e-06,3.04,2.2
1093,-7.279999999999998e-06,3.04,2.2
1094,-7.2399999999999984e-06,3.04,2.2
1095,-7.199999999999999e-06,3.04,2.2
1096,-7.159999999999999e-06,3.04,2.2
1097,-7.12e-06,3.04,2.2
1098,-7.08e-06,3.04,2.2
1099,-7.04e-06,3.04,2.2
1100,-7.000000000000001e-06,3.04,2.2
1101,-6.960000000000001e-06,3.04,2.2
1102,-6.9200000000000015e-06,3.0,2.2
1103,-6.880000000000002e-06,3.04,2.2
1104,-6.8399999999999955e-06,3.04,2.2
1105,-6.799999999999996e-06,3.04,2.2
1106,-6.759999999999996e-06,3.04,2.2
1107,-6.719999999999997e-06,3.04,2.2
1108,-6.679999999999997e-06,3.04,2.2
1109,-6.639999999999997e-06,3.0,2.2
1110,-6.599999999999998e-06,3.04,2.2
1111,-6.559999999999998e-06,3.04,2.2
1112,-6.5199999999999986e-06,3.04,2.2
1113,-6.479999999999999e-06,3.04,2.2
1114,-6.439999999999999e-06,3.04,2.2
1115,-6.4e-06,3.04,2.2
1116,-6.36e-06,3.0,2.2
1117,-6.3200000000000005e-06,3.04,2.2
1118,-6.280000000000001e-06,3.04,2.2
1119,-6.240000000000001e-06,3.04,2.2
1120,-6.200000000000002e-06,3.04,2.2
1121,-6.160000000000002e-06,3.04,2.2
1122,-6.119999999999996e-06,3.04,2.2
1123,-6.079999999999996e-06,3.04,2.2
1124,-6.039999999999996e-06,3.04,2.2
1125,-5.999999999999997e-06,3.04,2.2
1126,-5.959999999999997e-06,3.04,2.2
1127,-5.9199999999999975e-06,3.04,2.2
1128,-5.879999999999998e-06,3.04,2.2
1129,-5.839999999999998e-06,3.04,2.2
1130,-5.799999999999999e-06,3.04,2.2
1131,-5.759999999999999e-06,3.04,2.2
1132,-5.7199999999999994e-06,3.04,2.2
1133,-5.68e-06,3.04,2.2
1134,-5.64e-06,3.04,2.2
1135,-5.600000000000001e-06,3.0,2.2
1136,-5.560000000000001e-06,3.04,2.2
1137,-5.520000000000001e-06,3.0,2.2
1138,-5.480000000000002e-06,3.04,2.2
1139,-5.439999999999995e-06,3.04,2.2
1140,-5.399999999999996e-06,3.04,2.2
1141,-5.359999999999996e-06,3.04,2.2
1142,-5.3199999999999965e-06,3.0,2.2
1143,-5.279999999999997e-06,3.04,2.2
1144,-5.239999999999997e-06,3.0,2.2
1145,-5.199999999999998e-06,3.04,2.2
1146,-5.159999999999998e-06,3.04,2.2
1147,-5.119999999999998e-06,3.0,2.2
1148,-5.079999999999999e-06,3.04,2.2
1149,-5.039999999999999e-06,3.0,2.2
1150,-4.9999999999999996e-06,3.0,2.2
1151,-4.96e-06,3.0,2.2
1152,-4.92e-06,3.0,2.2
1153,-4.880000000000001e-06,3.04,2.2
1154,-4.840000000000001e-06,3.0,2.2
1155,-4.8000000000000015e-06,3.0,2.2
1156,-4.760000000000002e-06,3.0,2.2
1157,-4.7199999999999955e-06,3.0,2.2
1158,-4.679999999999996e-06,3.0,2.2
1159,-4.639999999999996e-06,3.0,2.2
1160,-4.599999999999997e-06,3.04,2.2
1161,-4.559999999999997e-06,3.0,2.2
1162,-4.519999999999997e-06,3.0,2.2
1163,-4.479999999999998e-06,3.0,2.2
1164,-4.439999999999998e-06,3.0,2.2
1165,-4.3999999999999985e-06,3.0,2.2
1166,-4.359999999999999e-06,3.0,2.2
1167,-4.319999999999999e-06,3.0,2.2
1168,-4.28e-06,3.0,2.2
1169,-4.24e-06,3.0,2.2
1170,-4.2000000000000004e-06,3.0,2.2
1171,-4.160000000000001e-06,3.0,2.2
1172,-4.120000000000001e-06,3.0,2.2
1173,-4.080000000000002e-06,3.0,2.2
1174,-4.040000000000002e-06,3.0,2.2
1175,-3.999999999999996e-06,3.0,2.2
1176,-3.959999999999996e-06,3.0,2.2
1177,-3.919999999999996e-06,3.0,2.2
1178,-3.879999999999997e-06,3.0,2.2
1179,-3.839999999999997e-06,3.0,2.2
1180,-3.7999999999999975e-06,3.0,2.2
1181,-3.759999999999998e-06,3.0,2.2
1182,-3.7199999999999983e-06,3.0,2.2
1183,-3.6799999999999986e-06,3.0,2.2
1184,-3.639999999999999e-06,3.0,2.2
1185,-3.5999999999999994e-06,3.0,2.2
1186,-3.56e-06,3.0,2.2
1187,-3.52e-06,3.0,2.2
1188,-3.4800000000000006e-06,3.0,2.2
1189,-3.440000000000001e-06,3.0,2.2
1190,-3.4000000000000013e-06,3.0,2.2
1191,-3.3600000000000017e-06,3.0,2.2
1192,-3.3199999999999953e-06,3.0,2.2
1193,-3.2799999999999957e-06,3.0,2.2
1194,-3.239999999999996e-06,3.0,2.2
1195,-3.1999999999999965e-06,3.0,2.2
1196,-3.159999999999997e-06,3.0,2.2
1197,-3.1199999999999972e-06,3.0,2.2
1198,-3.0799999999999976e-06,3.0,2.2
1199,-3.039999999999998e-06,3.0,2.2
1200,-2.9999999999999984e-06,3.0,2.2
1201,-2.9599999999999988e-06,3.0,2.2
1202,-2.919999999999999e-06,3.0,2.2
1203,-2.8799999999999995e-06,3.0,2.2
1204,-2.84e-06,3.0,2.2
1205,-2.8000000000000003e-06,3.0,2.2
1206,-2.7600000000000007e-06,3.0,2.2
1207,-2.720000000000001e-06,3.0,2.2
1208,-2.6800000000000014e-06,3.0,2.2
1209,-2.640000000000002e-06,3.0,2.2
1210,-2.5999999999999954e-06,3.0,2.2
1211,-2.559999999999996e-06,3.0,2.2
1212,-2.519999999999996e-06,3.0,2.2
1213,-2.4799999999999966e-06,3.0,2.2
1214,-2.439999999999997e-06,3.0,2.2
1215,-2.3999999999999974e-06,3.0,2.2
1216,-2.3599999999999977e-06,3.0,2.2
1217,-2.319999999999998e-06,3.0,2.2
1218,-2.2799999999999985e-06,3.0,2.2
1219,-2.239999999999999e-06,3.0,2.2
1220,-2.1999999999999993e-06,3.0,2.2
1221,-2.1599999999999996e-06,3.0,2.2
1222,-2.12e-06,3.0,2.2
1223,-2.0800000000000004e-06,3.0,2.2
1224,-2.040000000000001e-06,3.0,2.2
1225,-2.000000000000001e-06,3.0,2.2
1226,-1.9600000000000016e-06,3.0,2.2
1227,-1.920000000000002e-06,3.0,2.2
1228,-1.8799999999999956e-06,3.0,2.2
1229,-1.839999999999996e-06,3.0,2.2
1230,-1.7999999999999963e-06,3.0,2.2
1231,-1.7599999999999967e-06,1.36,1.16
1232,-1.719999999999997e-06,-2.96,-2.88
1233,-1.6799999999999975e-06,-3.0,-3.2800000000000002
1234,-1.6399999999999979e-06,-3.0,-3.52
1235,-1.5999999999999982e-06,-3.0,-3.68
1236,-1.5599999999999986e-06,-3.0,-3.72
1237,-1.519999999999999e-06,-3.0,-3.7600000000000002
1238,-1.4799999999999994e-06,-3.0,-3.7600000000000002
1239,-1.4399999999999998e-06,-3.0,-3.8000000000000003
1240,-1.4000000000000001e-06,-3.0,-3.8000000000000003
1241,-1.3600000000000005e-06,-3.0,-3.8000000000000003
1242,-1.320000000000001e-06,-3.0,-3.8000000000000003
1243,-1.2800000000000013e-06,-3.0,-3.8000000000000003
1244,-1.2400000000000017e-06,-3.0,-3.8000000000000003
1245,-1.1999999999999953e-06,-3.0,-3.8000000000000003
1246,-1.1599999999999957e-06,-3.0,-3.8000000000000003
1247,-1.119999999999996e-06,-3.0,-3.8000000000000003
1248,-1.0799999999999964e-06,-3.0,-3.8000000000000003
1249,-1.0399999999999968e-06,-3.0,-3.8000000000000003
1250,-9.999999999999972e-07,-3.0,-3.8000000000000003
1251,-9.599999999999976e-07,-3.0,-3.8000000000000003
1252,-9.19999999999998e-07,-3.0,-3.8000000000000003
1253,-8.799999999999984e-07,-3.0,-3.8000000000000003
1254,-8.399999999999987e-07,-3.0,-3.8000000000000003
1255,-7.999999999999991e-07,-3.0,-3.8000000000000003
1256,-7.599999999999995e-07,-3.0,-3.8000000000000003
1257,-7.199999999999999e-07,-3.0,-3.8000000000000003
1258,-6.800000000000003e-07,-3.0,-3.8000000000000003
1259,-6.400000000000006e-07,-3.0,-3.8000000000000003
1260,-6.00000000000001e-07,-3.0,-3.8000000000000003
1261,-5.600000000000014e-07,-3.0,-3.8000000000000003
1262,-5.200000000000018e-07,-3.0,-3.8000000000000003
1263,-4.799999999999954e-07,-3.0,-3.8000000000000003
1264,-4.399999999999958e-07,-3.0,-3.8000000000000003
1265,-3.9999999999999617e-07,-3.0,-3.8000000000000003
1266,-3.5999999999999655e-07,-3.0,-3.8000000000000003
1267,-3.1999999999999694e-07,-3.0,-3.8000000000000003
1268,-2.799999999999973e-07,-3.0,-3.8000000000000003
1269,-2.399999999999977e-07,-3.0,-3.8000000000000003
1270,-1.9999999999999809e-07,-3.0,-3.8000000000000003
1271,-1.5999999999999847e-07,-3.0,-3.8000000000000003
1272,-1.1999999999999885e-07,-3.0,-3.8000000000000003
1273,-7.999999999999923e-08,-3.0,-3.8000000000000003
1274,-3.999999999999962e-08,-3.0,-3.8000000000000003
1275,0.0,-3.0,-3.8000000000000003
1276,3.999999999999962e-08,-3.0,-3.8000000000000003
1277,7.999999999999923e-08,-3.0,-3.8000000000000003
1278,1.1999999999999885e-07,-3.0,-3.8000000000000003
1279,1.5999999999999847e-07,-3.0,-3.8000000000000003
1280,1.9999999999999809e-07,-3.0,-3.8000000000000003
1281,2.400000000000045e-07,-3.0,-3.7600000000000002
1282,2.800000000000041e-07,-3.0,-3.8000000000000003
1283,3.200000000000037e-07,-3.0,-3.8000000000000003
1284,3.6000000000000333e-07,-3.0,-3.8000000000000003
1285,4.0000000000000295e-07,-3.0,-3.7600000000000002
1286,4.4000000000000256e-07,-3.0,-3.7600000000000002
1287,4.800000000000022e-07,-3.0,-3.7600000000000002
1288,5.200000000000018e-07,-3.0,-3.7600000000000002
1289,5.600000000000014e-07,-3.0,-3.7600000000000002
1290,6.00000000000001e-07,-3.0,-3.7600000000000002
1291,6.400000000000006e-07,-3.0,-3.7600000000000002
1292,6.800000000000003e-07,-3.0,-3.7600000000000002
1293,7.199999999999999e-07,-3.0,-3.7600000000000002
1294,7.599999999999995e-07,-3.04,-3.7600000000000002
1295,7.999999999999991e-07,-3.0,-3.7600000000000002
1296,8.399999999999987e-07,-3.0,-3.7600000000000002
1297,8.799999999999984e-07,-3.04,-3.7600000000000002
1298,9.200000000000047e-07,-3.0,-3.7600000000000002
1299,9.600000000000044e-07,-3.04,-3.7600000000000002
1300,1.000000000000004e-06,-3.04,-3.7600000000000002
1301,1.0400000000000036e-06,-3.04,-3.7600000000000002
1302,1.0800000000000032e-06,-3.04,-3.7600000000000002
1303,1.1200000000000028e-06,-3.04,-3.7600000000000002
1304,1.1600000000000024e-06,-3.04,-3.7600000000000002
1305,1.200000000000002e-06,-3.04,-3.7600000000000002
1306,1.2400000000000017e-06,-3.04,-3.7600000000000002
1307,1.2800000000000013e-06,-3.04,-3.7600000000000002
1308,1.320000000000001e-06,-3.04,-3.7600000000000002
1309,1.3600000000000005e-06,-3.04,-3.7600000000000002
1310,1.4000000000000001e-06,-3.04,-3.7600000000000002
1311,1.4399999999999998e-06,-3.04,-3.7600000000000002
1312,1.4799999999999994e-06,-3.04,-3.7600000000000002
1313,1.519999999999999e-06,-3.04,-3.7600000000000002
1314,1.5599999999999986e-06,-3.04,-3.7600000000000002
1315,1.5999999999999982e-06,-3.04,-3.7600000000000002
1316,1.6400000000000046e-06,-3.04,-3.7600000000000002
1317,1.6800000000000042e-06,-3.04,-3.7600000000000002
1318,1.7200000000000039e-06,-3.04,-3.7600000000000002
1319,1.7600000000000035e-06,-3.04,-3.7600000000000002
1320,1.800000000000003e-06,-3.04,-3.7600000000000002
1321,1.8400000000000027e-06,-3.04,-3.72
1322,1.8800000000000023e-06,-3.04,-3.72
1323,1.920000000000002e-06,-3.04,-3.72
1324,1.9600000000000016e-06,-3.04,-3.72
1325,2.000000000000001e-06,-3.04,-3.72
1326,2.040000000000001e-06,-3.04,-3.72
1327,2.0800000000000004e-06,-3.04,-3.72
1328,2.12e-06,-3.04,-3.72
1329,2.1599999999999996e-06,-3.04,-3.72
1330,2.1999999999999993e-06,-3.04,-3.72
1331,2.239999999999999e-06,-3.04,-3.72
1332,2.2799999999999985e-06,-3.04,-3.72
1333,2.320000000000005e-06,-3.04,-3.72
1334,2.3600000000000045e-06,-3.04,-3.72
1335,2.400000000000004e-06,-3.04,-3.72
1336,2.4400000000000037e-06,-3.04,-3.72
1337,2.4800000000000034e-06,-3.04,-3.72
1338,2.520000000000003e-06,-3.04,-3.72
1339,2.5600000000000026e-06,-3.04,-3.68
1340,2.600000000000002e-06,-3.04,-3.68
1341,2.640000000000002e-06,-3.04,-3.68
1342,2.6800000000000014e-06,-3.04,-3.68
1343,2.720000000000001e-06,-3.04,-3.68
1344,2.7600000000000007e-06,-3.04,-3.68
1345,2.8000000000000003e-06,-3.04,-3.68
1346,2.84e-06,-3.04,-3.64
1347,2.8799999999999995e-06,-3.04,-3.64
1348,2.919999999999999e-06,-3.04,-3.64
1349,2.9599999999999988e-06,-3.04,-3.64
1350,2.9999999999999984e-06,-3.04,-3.6
1351,3.0400000000000048e-06,-3.04,-3.6
1352,3.0800000000000044e-06,-3.04,-3.6
1353,3.120000000000004e-06,-3.04,-3.6
1354,3.1600000000000036e-06,-3.04,-3.56
1355,3.2000000000000032e-06,-3.04,-3.56
1356,3.240000000000003e-06,-3.04,-3.56
1357,3.2800000000000025e-06,-3.04,-3.52
1358,3.320000000000002e-06,-3.04,-3.52
1359,3.3600000000000017e-06,-3.04,-3.52
1360,3.4000000000000013e-06,-3.04,-3.48
1361,3.440000000000001e-06,-3.04,-3.48
1362,3.4800000000000006e-06,-3.04,-3.48
1363,3.52e-06,-3.04,-3.44
1364,3.56e-06,-3.04,-3.44
1365,3.5999999999999994e-06,-3.04,-3.44
1366,3.639999999999999e-06,-3.04,-3.4
1367,3.6799999999999986e-06,-3.04,-3.4
1368,3.7199999999999983e-06,-3.04,-3.4
1369,3.7600000000000047e-06,-3.04,-3.36
1370,3.8000000000000043e-06,-3.04,-3.36
1371,3.840000000000004e-06,-3.04,-3.36
1372,3.8800000000000035e-06,-3.04,-3.36
1373,3.920000000000003e-06,-3.04,-3.3200000000000003
1374,3.960000000000003e-06,-3.04,-3.3200000000000003
1375,4.000000000000002e-06,-3.04,-3.3200000000000003
1376,4.040000000000002e-06,-3.04,-3.2800000000000002
1377,4.080000000000002e-06,-3.04,-3.2800000000000002
1378,4.120000000000001e-06,-3.04,-3.2800000000000002
1379,4.160000000000001e-06,-3.04,-3.24
1380,4.2000000000000004e-06,-3.04,-3.24
1381,4.24e-06,-3.04,-3.24
1382,4.28e-06,-3.04,-3.2
1383,4.319999999999999e-06,-3.04,-3.2
1384,4.359999999999999e-06,-3.04,-3.2
1385,4.3999999999999985e-06,-3.04,-3.16
1386,4.440000000000005e-06,-3.04,-3.16
1387,4.4800000000000045e-06,-3.04,-3.16
1388,4.520000000000004e-06,-3.04,-3.12
1389,4.560000000000004e-06,-3.04,-3.12
1390,4.600000000000003e-06,-3.04,-3.12
1391,4.640000000000003e-06,-3.04,-3.08
1392,4.680000000000003e-06,-3.04,-3.08
1393,4.720000000000002e-06,-3.04,-3.08
1394,4.760000000000002e-06,-3.04,-3.04
1395,4.8000000000000015e-06,-3.04,-3.04
1396,4.840000000000001e-06,-3.04,-3.04
1397,4.880000000000001e-06,-3.04,-3.0
1398,4.92e-06,-3.04,-3.0
1399,4.96e-06,-3.04,-3.0
1400,4.9999999999999996e-06,-3.04,-2.96
1401,5.039999999999999e-06,-3.04,-2.96
1402,5.079999999999999e-06,-3.04,-2.96
1403,5.119999999999998e-06,-3.04,-2.92
1404,5.160000000000005e-06,-3.04,-2.92
1405,5.200000000000004e-06,-3.04,-2.92
1406,5.240000000000004e-06,-3.04,-2.92
1407,5.280000000000004e-06,-3.04,-2.88
1408,5.320000000000003e-06,-3.04,-2.88
1409,5.360000000000003e-06,-3.04,-2.88
1410,5.4000000000000025e-06,-3.04,-2.84
1411,5.440000000000002e-06,-3.04,-2.84
1412,5.480000000000002e-06,-3.04,-2.84
1413,5.520000000000001e-06,-3.04,-2.8000000000000003
1414,5.560000000000001e-06,-3.04,-2.8000000000000003
1415,5.600000000000001e-06,-3.04,-2.8000000000000003
1416,5.64e-06,-3.04,-2.8000000000000003
1417,5.68e-06,-3.04,-2.7600000000000002
1418,5.7199999999999994e-06,-3.04,-2.7600000000000002
1419,5.759999999999999e-06,-3.04,-2.7600000000000002
1420,5.799999999999999e-06,-3.04,-2.72
1421,5.839999999999998e-06,-3.04,-2.72
1422,5.880000000000005e-06,-3.04,-2.72
1423,5.920000000000004e-06,-3.04,-2.72
1424,5.960000000000004e-06,-3.04,-2.68
1425,6.0000000000000035e-06,-3.04,-2.68
1426,6.040000000000003e-06,-3.04,-2.68
1427,6.080000000000003e-06,-3.04,-2.68
1428,6.120000000000002e-06,-3.04,-2.64
1429,6.160000000000002e-06,-3.04,-2.64
1430,6.200000000000002e-06,-3.04,-2.64
1431,6.240000000000001e-06,-3.04,-2.6
1432,6.280000000000001e-06,-3.04,-2.6
1433,6.3200000000000005e-06,-3.04,-2.6
1434,6.36e-06,-3.04,-2.6
1435,6.4e-06,-3.04,-2.56
1436,6.439999999999999e-06,-3.04,-2.56
1437,6.479999999999999e-06,-3.04,-2.56
1438,6.5199999999999986e-06,-3.04,-2.56
1439,6.560000000000005e-06,-3.04,-2.52
1440,6.6000000000000046e-06,-3.04,-2.52
1441,6.640000000000004e-06,-3.04,-2.52
1442,6.680000000000004e-06,-3.04,-2.52
1443,6.720000000000003e-06,-3.04,-2.48
1444,6.760000000000003e-06,-3.04,-2.48
1445,6.800000000000003e-06,-3.04,-2.48
1446,6.840000000000002e-06,-3.04,-2.48
1447,6.880000000000002e-06,-3.04,-2.44
1448,6.9200000000000015e-06,-3.04,-2.44
1449,6.960000000000001e-06,-3.04,-2.44
1450,7.000000000000001e-06,-3.04,-2.44
1451,7.04e-06,-3.04,-2.44
1452,7.08e-06,-3.04,-2.4
1453,7.12e-06,-3.04,-2.4
1454,7.159999999999999e-06,-3.04,-2.4
1455,7.199999999999999e-06,-3.04,-2.4
1456,7.2399999999999984e-06,-3.04,-2.36
1457,7.280000000000005e-06,-3.04,-2.36
1458,7.3200000000000045e-06,-3.04,-2.36
1459,7.360000000000004e-06,-3.04,-2.36
1460,7.400000000000004e-06,-3.04,-2.36
1461,7.440000000000003e-06,-3.04,-2.32
1462,7.480000000000003e-06,-3.04,-2.32
1463,7.5200000000000025e-06,-3.04,-2.32
1464,7.560000000000002e-06,-3.04,-2.32
1465,7.600000000000002e-06,-3.04,-2.2800000000000002
1466,7.640000000000001e-06,-3.04,-2.2800000000000002
1467,7.680000000000001e-06,-3.04,-2.2800000000000002
1468,7.72e-06,-3.04,-2.2800000000000002
1469,7.76e-06,-3.04,-2.2800000000000002
1470,7.8e-06,-3.04,-2.24
1471,7.84e-06,-3.04,-2.24
1472,7.879999999999999e-06,-3.04,-2.24
1473,7.919999999999999e-06,-3.04,-2.24
1474,7.959999999999998e-06,-3.04,-2.24
1475,8.000000000000005e-06,-3.04,-2.2
1476,8.040000000000004e-06,-3.04,-2.2
1477,8.080000000000004e-06,-3.04,-2.2
1478,8.120000000000004e-06,-3.04,-2.2
1479,8.160000000000003e-06,-3.04,-2.2
1480,8.200000000000003e-06,-3.04,-2.2
1481,8.240000000000002e-06,-3.04,-2.16
1482,8.280000000000002e-06,-3.04,-2.16
1483,8.320000000000002e-06,-3.04,-2.16
1484,8.360000000000001e-06,-3.04,-2.16
1485,8.400000000000001e-06,-3.04,-2.16
1486,8.44e-06,-3.04,-2.16
1487,8.48e-06,-3.04,-2.12
1488,8.52e-06,-3.04,-2.12
1489,8.56e-06,-3.04,-2.12
1490,8.599999999999999e-06,-3.04,-2.12
1491,8.639999999999999e-06,-3.04,-2.12
1492,8.680000000000005e-06,-3.04,-2.12
1493,8.720000000000005e-06,-3.04,-2.08
1494,8.760000000000004e-06,-3.04,-2.08
1495,8.800000000000004e-06,-3.04,-2.08
1496,8.840000000000003e-06,-3.04,-2.08
1497,8.880000000000003e-06,-3.04,-2.08
1498,8.920000000000003e-06,-3.04,-2.08
1499,8.960000000000002e-06,-3.04,-2.04
1500,9.000000000000002e-06,-3.04,-2.04
1501,9.040000000000002e-06,-3.04,-2.04
1502,9.080000000000001e-06,-3.04,-2.04
1503,9.12e-06,-3.04,-2.04
1504,9.16e-06,-3.04,-2.04
1505,9.2e-06,-3.04,-2.04
1506,9.24e-06,-3.04,-2.0
1507,9.28e-06,-3.04,-2.0
1508,9.319999999999999e-06,-3.04,-2.0
1509,9.359999999999998e-06,-3.04,-2.0
1510,9.400000000000005e-06,-3.04,-2.0
1511,9.440000000000004e-06,-3.04,-2.0
1512,9.480000000000004e-06,-3.04,-2.0
1513,9.520000000000004e-06,-3.04,-2.0
1514,9.560000000000003e-06,-3.04,-1.96
1515,9.600000000000003e-06,-3.04,-1.96
1516,9.640000000000003e-06,-3.04,-1.96
1517,9.680000000000002e-06,-3.04,-1.96
1518,9.720000000000002e-06,-3.04,-1.96
1519,9.760000000000001e-06,-3.04,-1.96
1520,9.800000000000001e-06,-3.04,-1.96
1521,9.84e-06,-3.04,-1.96
1522,9.88e-06,-3.04,-1.92
1523,9.92e-06,-3.04,-1.92
1524,9.96e-06,-3.04,-1.92
1525,9.999999999999999e-06,-3.04,-1.92
1526,1.0039999999999999e-05,-3.04,-1.92
1527,1.0080000000000005e-05,-3.04,-1.92
1528,1.0119999999999998e-05,-3.08,-1.92
1529,1.0160000000000004e-05,-3.04,-1.92
1530,1.0199999999999997e-05,-3.08,-1.8800000000000001
1531,1.0240000000000004e-05,-3.04,-1.8800000000000001
1532,1.0279999999999996e-05,-3.08,-1.8800000000000001
1533,1.0320000000000003e-05,-3.08,-1.8800000000000001
1534,1.0359999999999996e-05,-3.08,-1.8800000000000001
1535,1.0400000000000002e-05,-3.08,-1.8800000000000001
1536,1.0440000000000008e-05,-3.08,-1.8800000000000001
1537,1.0480000000000001e-05,-3.08,-1.8800000000000001
1538,1.0520000000000008e-05,-3.04,-1.8800000000000001
1539,1.056e-05,-3.08,-1.84
1540,1.0600000000000007e-05,-3.04,-1.84
1541,1.064e-05,-3.08,-1.84
1542,1.0680000000000006e-05,-3.08,-1.84
1543,1.0719999999999999e-05,-3.08,-1.84
1544,1.0760000000000005e-05,-3.08,-1.84
1545,1.0799999999999998e-05,-3.08,-1.84
1546,1.0840000000000005e-05,-3.08,-1.84
1547,1.0879999999999997e-05,-3.08,-1.84
1548,1.0920000000000004e-05,-3.08,-1.84
1549,1.0959999999999997e-05,-3.08,-1.84
1550,1.1000000000000003e-05,-3.08,-1.8
1551,1.1039999999999996e-05,-3.08,-1.8
1552,1.1080000000000002e-05,-3.08,-1.8
1553,1.1119999999999995e-05,-3.08,-1.8
1554,1.1160000000000002e-05,-3.08,-1.8
1555,1.1200000000000008e-05,-3.08,-1.8
1556,1.124e-05,-3.08,-1.8
1557,1.1280000000000007e-05,-3.08,-1.8
1558,1.132e-05,-3.08,-1.8
1559,1.1360000000000006e-05,-3.08,-1.8
1560,1.14e-05,-3.08,-1.8
1561,1.1440000000000006e-05,-3.08,-1.76
1562,1.1479999999999999e-05,-3.08,-1.76
1563,1.1520000000000005e-05,-3.08,-1.76
1564,1.1559999999999998e-05,-3.08,-1.76
1565,1.1600000000000004e-05,-3.08,-1.76
1566,1.1639999999999997e-05,-3.08,-1.76
1567,1.1680000000000003e-05,-3.08,-1.76
1568,1.1719999999999996e-05,-3.08,-1.76
1569,1.1760000000000003e-05,-3.08,-1.76
1570,1.1799999999999995e-05,-3.08,-1.76
1571,1.1840000000000002e-05,-3.08,-1.76
1572,1.1880000000000008e-05,-3.08,-1.76
1573,1.1920000000000001e-05,-3.08,-1.72
1574,1.1960000000000007e-05,-3.08,-1.72
1575,1.2e-05,-3.08,-1.72
1576,1.2040000000000007e-05,-3.08,-1.72
1577,1.208e-05,-3.08,-1.72
1578,1.2120000000000006e-05,-3.08,-1.72
1579,1.2159999999999999e-05,-3.08,-1.72
1580,1.2200000000000005e-05,-3.08,-1.72
1581,1.2239999999999998e-05,-3.08,-1.72
1582,1.2280000000000004e-05,-3.08,-1.72
1583,1.2319999999999997e-05,-3.08,-1.72
1584,1.2360000000000004e-05,-3.08,-1.72
1585,1.2399999999999996e-05,-3.08,-1.72
1586,1.2440000000000003e-05,-3.08,-1.72
1587,1.2479999999999996e-05,-3.08,-1.72
1588,1.2520000000000002e-05,-3.08,-1.68
1589,1.2560000000000008e-05,-3.08,-1.68
1590,1.2600000000000001e-05,-3.08,-1.68
1591,1.2640000000000008e-05,-3.08,-1.68
1592,1.268e-05,-3.08,-1.68
1593,1.2720000000000007e-05,-3.08,-1.68
1594,1.276e-05,-3.08,-1.68
1595,1.2800000000000006e-05,-3.08,-1.68
1596,1.2839999999999999e-05,-3.08,-1.68
1597,1.2880000000000005e-05,-3.08,-1.68
1598,1.2919999999999998e-05,-3.08,-1.68
1599,1.2960000000000005e-05,-3.08,-1.68
1600,1.2999999999999998e-05,-3.08,-1.68
1601,1.3040000000000004e-05,-3.08,-1.68
1602,1.3079999999999997e-05,-3.08,-1.68
1603,1.3120000000000003e-05,-3.08,-1.68
1604,1.3159999999999996e-05,-3.08,-1.68
1605,1.3200000000000002e-05,-3.08,-1.6400000000000001
1606,1.3239999999999995e-05,-3.08,-1.6400000000000001
1607,1.3280000000000002e-05,-3.08,-1.6400000000000001
1608,1.3320000000000008e-05,-3.08,-1.6400000000000001
1609,1.336e-05,-3.08,-1.6400000000000001
1610,1.3400000000000007e-05,-3.08,-1.6400000000000001
1611,1.344e-05,-3.08,-1.6400000000000001
1612,1.3480000000000006e-05,-3.08,-1.6400000000000001
1613,1.352e-05,-3.08,-1.6400000000000001
1614,1.3560000000000006e-05,-3.08,-1.6400000000000001
1615,1.3599999999999999e-05,-3.08,-1.6400000000000001
1616,1.3640000000000005e-05,-3.08,-1.6400000000000001
1617,1.3679999999999998e-05,-3.08,-1.6400000000000001
1618,1.3720000000000004e-05,-3.08,-1.6400000000000001
1619,1.3759999999999997e-05,-3.08,-1.6400000000000001
1620,1.3800000000000003e-05,-3.08,-1.6400000000000001
1621,1.3839999999999996e-05,-3.08,-1.6400000000000001
1622,1.3880000000000003e-05,-3.08,-1.6400000000000001
1623,1.3919999999999995e-05,-3.08,-1.6400000000000001
1624,1.3960000000000002e-05,-3.08,-1.6400000000000001
1625,1.4000000000000008e-05,-3.08,-1.6400000000000001
1626,1.4040000000000001e-05,-3.08,-1.6
1627,1.4080000000000007e-05,-3.08,-1.6
1628,1.412e-05,-3.08,-1.6
1629,1.4160000000000007e-05,-3.08,-1.6
1630,1.42e-05,-3.08,-1.6
1631,1.4240000000000006e-05,-3.08,-1.6
1632,1.4279999999999999e-05,-3.08,-1.6
1633,1.4320000000000005e-05,-3.08,-1.6
1634,1.4359999999999998e-05,-3.08,-1.6
1635,1.4400000000000004e-05,-3.08,-1.6
1636,1.4439999999999997e-05,-3.08,-1.6
1637,1.4480000000000004e-05,-3.08,-1.6
1638,1.4519999999999997e-05,-3.08,-1.6
1639,1.4560000000000003e-05,-3.08,-1.6
1640,1.4599999999999996e-05,-3.08,-1.6
1641,1.4640000000000002e-05,-3.08,-1.6
1642,1.4680000000000009e-05,-3.08,-1.6
1643,1.4720000000000001e-05,-3.08,-1.6
1644,1.4760000000000008e-05,-3.08,-1.6
1645,1.48e-05,-3.08,-1.6
1646,1.4840000000000007e-05,-3.08,-1.6
1647,1.488e-05,-3.08,-1.6
1648,1.4920000000000006e-05,-3.08,-1.6
1649,1.4959999999999999e-05,-3.08,-1.6
1650,1.5000000000000005e-05,-3.08,-1.6
1651,1.5039999999999998e-05,-3.08,-1.6
1652,1.5080000000000005e-05,-3.08,-1.56
1653,1.5119999999999998e-05,-3.08,-1.6
1654,1.5160000000000004e-05,-3.08,-1.56
1655,1.5199999999999997e-05,-3.08,-1.56
1656,1.5240000000000003e-05,-3.08,-1.56
1657,1.5279999999999996e-05,-3.08,-1.56
1658,1.5320000000000002e-05,-3.08,-1.56
1659,1.5359999999999995e-05,-3.08,-1.56
1660,1.54e-05,-3.08,-1.56
1661,1.5440000000000008e-05,-3.08,-1.56
1662,1.548e-05,-3.08,-1.56
1663,1.5520000000000007e-05,-3.08,-1.56
1664,1.556e-05,-3.08,-1.56
1665,1.5600000000000006e-05,-3.08,-1.56
1666,1.564e-05,-3.08,-1.56
1667,1.5680000000000006e-05,-3.08,-1.56
1668,1.572e-05,-3.08,-1.56
1669,1.5760000000000005e-05,-3.08,-1.56
1670,1.5799999999999998e-05,-3.08,-1.56
1671,1.5840000000000004e-05,-3.08,-1.56
1672,1.5879999999999997e-05,-3.08,-1.56
1673,1.5920000000000003e-05,-3.08,-1.56
1674,1.5959999999999996e-05,-3.08,-1.56
1675,1.6000000000000003e-05,-3.08,-1.56
1676,1.6039999999999996e-05,-3.08,-1.56
1677,1.6080000000000002e-05,-3.08,-1.56
1678,1.6120000000000008e-05,-3.08,-1.56
1679,1.616e-05,-3.08,-1.56
1680,1.6200000000000008e-05,-3.08,-1.56
1681,1.624e-05,-3.08,-1.56
1682,1.6280000000000007e-05,-3.08,-1.56
1683,1.632e-05,-3.08,-1.56
1684,1.6360000000000006e-05,-3.08,-1.56
1685,1.64e-05,-3.08,-1.56
1686,1.6440000000000005e-05,-3.08,-1.56
1687,1.6479999999999998e-05,-3.08,-1.56
1688,1.6520000000000004e-05,-3.08,-1.56
1689,1.6559999999999997e-05,-3.08,-1.56
1690,1.6600000000000004e-05,-3.08,-1.56
1691,1.6639999999999997e-05,-3.08,-1.56
1692,1.6680000000000003e-05,-3.08,-1.52
1693,1.6719999999999996e-05,-3.08,-1.52
1694,1.6760000000000002e-05,-3.08,-1.52
1695,1.680000000000001e-05,-3.08,-1.52
1696,1.684e-05,-3.08,-1.52
1697,1.6880000000000008e-05,-3.08,-1.52
1698,1.692e-05,-3.08,-1.52
1699,1.6960000000000007e-05,-3.08,-1.52
1700,1.7e-05,-3.08,-1.52
1701,1.7040000000000006e-05,-3.08,-1.52
1702,1.708e-05,-3.08,-1.52
1703,1.7120000000000005e-05,-3.08,-1.52
1704,1.716e-05,-3.08,-1.52
1705,1.7200000000000005e-05,-3.08,-1.52
1706,1.7239999999999998e-05,-3.08,-1.52
1707,1.7280000000000004e-05,-3.08,-1.52
1708,1.7319999999999997e-05,-3.08,-1.52
1709,1.7360000000000003e-05,-3.08,-1.52
1710,1.7399999999999996e-05,-3.08,-1.52
1711,1.7440000000000002e-05,-3.08,-1.52
1712,1.7479999999999995e-05,-3.08,-1.52
1713,1.752e-05,-3.08,-1.52
1714,1.7560000000000008e-05,-3.08,-1.52
1715,1.76e-05,-3.08,-1.52
1716,1.7640000000000007e-05,-3.08,-1.52
1717,1.768e-05,-3.08,-1.52
1718,1.7720000000000007e-05,-3.08,-1.52
1719,1.776e-05,-3.08,-1.52
1720,1.7800000000000006e-05,-3.08,-1.52
1721,1.784e-05,-3.08,-1.52
1722,1.7880000000000005e-05,-3.08,-1.52
1723,1.7919999999999998e-05,-3.08,-1.52
1724,1.7960000000000004e-05,-3.08,-1.52
1725,1.7999999999999997e-05,-3.08,-1.52
1726,1.8040000000000003e-05,-3.08,-1.52
1727,1.8079999999999996e-05,-3.08,-1.52
1728,1.8120000000000003e-05,-3.08,-1.52
1729,1.8159999999999996e-05,-3.08,-1.52
1730,1.8200000000000002e-05,-3.08,-1.52
1731,1.824000000000001e-05,-3.08,-1.52
1732,1.828e-05,-3.08,-1.52
1733,1.8320000000000008e-05,-3.08,-1.52
1734,1.836e-05,-3.08,-1.52
1735,1.8400000000000007e-05,-3.08,-1.52
1736,1.844e-05,-3.08,-1.52
1737,1.8480000000000006e-05,-3.08,-1.52
1738,1.852e-05,-3.08,-1.52
1739,1.8560000000000005e-05,-3.08,-1.52
1740,1.8599999999999998e-05,-3.08,-1.52
1741,1.8640000000000004e-05,-3.08,-1.52
1742,1.8679999999999997e-05,-3.08,-1.52
1743,1.8720000000000004e-05,-3.08,-1.52
1744,1.8759999999999997e-05,-3.08,-1.52
1745,1.8800000000000003e-05,-3.08,-1.52
1746,1.8839999999999996e-05,-3.08,-1.52
1747,1.8880000000000002e-05,-3.08,-1.52
1748,1.892000000000001e-05,-3.08,-1.52
1749,1.896e-05,-3.08,-1.52
1750,1.9000000000000008e-05,-3.08,-1.52
1751,1.904e-05,-3.08,-1.52
1752,1.9080000000000007e-05,-3.08,-1.52
1753,1.912e-05,-3.08,-1.52
1754,1.9160000000000006e-05,-3.08,-1.52
1755,1.92e-05,-3.08,-1.48
1756,1.9240000000000006e-05,-3.08,-1.48
1757,1.928e-05,-3.08,-1.52
1758,1.9320000000000005e-05,-3.08,-1.48
1759,1.9359999999999998e-05,-3.08,-1.52
1760,1.9400000000000004e-05,-3.08,-1.48
1761,1.9439999999999997e-05,-3.08,-1.48
1762,1.9480000000000003e-05,-3.08,-1.48
1763,1.9519999999999996e-05,-3.08,-1.48
1764,1.9560000000000002e-05,-3.08,-1.48
1765,1.9599999999999995e-05,-3.08,-1.48
1766,1.9640000000000002e-05,-3.08,-1.48
1767,1.9680000000000008e-05,-3.08,-1.48
1768,1.972e-05,-3.08,-1.48
1769,1.9760000000000007e-05,-3.08,-1.48
1770,1.98e-05,-3.08,-1.48
1771,1.9840000000000007e-05,-3.08,-1.48
1772,1.988e-05,-3.08,-1.48
1773,1.9920000000000006e-05,-3.08,-1.48
1774,1.996e-05,-3.08,-1.48
1775,2.0000000000000005e-05,-3.08,-1.48
1776,2.0039999999999998e-05,-3.08,-1.48
1777,2.0080000000000004e-05,-3.08,-1.48
1778,2.0119999999999997e-05,-3.08,-1.48
1779,2.0160000000000003e-05,-3.08,-1.48
1780,2.0199999999999996e-05,-3.08,-1.48
1781,2.0240000000000003e-05,-3.08,-1.48
1782,2.0279999999999996e-05,-3.08,-1.48
1783,2.0320000000000002e-05,-3.08,-1.48
1784,2.036000000000001e-05,-3.08,-1.48
1785,2.04e-05,-3.08,-1.48
1786,2.0440000000000008e-05,-3.08,-1.48
1787,2.048e-05,-3.08,-1.48
1788,2.0520000000000007e-05,-3.08,-1.48
1789,2.056e-05,-3.08,-1.48
1790,2.0600000000000006e-05,-3.08,-1.48
1791,2.064e-05,-3.08,-1.48
1792,2.0680000000000005e-05,-3.08,-1.48
1793,2.0719999999999998e-05,-3.08,-1.48
1794,2.0760000000000005e-05,-3.08,-1.48
1795,2.0799999999999997e-05,-3.08,-1.48
1796,2.0840000000000004e-05,-3.08,-1.48
1797,2.0879999999999997e-05,-3.08,-1.48
1798,2.0920000000000003e-05,-3.08,-1.48
1799,2.0959999999999996e-05,-3.08,-1.48
1800,2.1000000000000002e-05,-3.08,-1.48
1801,2.104000000000001e-05,-3.08,-1.48
1802,2.108e-05,-3.08,-1.48
1803,2.1120000000000008e-05,-3.08,-1.48
1804,2.116e-05,-3.08,-1.48
1805,2.1200000000000007e-05,-3.08,-1.48
1806,2.124e-05,-3.08,-1.48
1807,2.1280000000000006e-05,-3.08,-1.48
1808,2.132e-05,-3.08,-1.48
1809,2.1360000000000006e-05,-3.08,-1.48
1810,2.14e-05,-3.08,-1.48
1811,2.1440000000000005e-05,-3.08,-1.48
1812,2.1479999999999998e-05,-3.08,-1.48
1813,2.1520000000000004e-05,-3.08,-1.48
1814,2.1559999999999997e-05,-3.08,-1.48
1815,2.1600000000000003e-05,-3.08,-1.48
1816,2.1639999999999996e-05,-3.08,-1.48
1817,2.1680000000000002e-05,-3.08,-1.48
1818,2.1719999999999995e-05,-3.08,-1.48
1819,2.1760000000000002e-05,-3.08,-1.48
1820,2.1800000000000008e-05,-3.08,-1.48
1821,2.184e-05,-3.08,-1.48
1822,2.1880000000000007e-05,-3.08,-1.48
1823,2.192e-05,-3.08,-1.48
1824,2.1960000000000007e-05,-3.08,-1.48
1825,2.2e-05,-3.08,-1.48
1826,2.2040000000000006e-05,-3.08,-1.48
1827,2.208e-05,-3.08,-1.48
1828,2.2120000000000005e-05,-3.08,-1.48
1829,2.2159999999999998e-05,-3.08,-1.48
1830,2.2200000000000004e-05,-3.08,-1.48
1831,2.2239999999999997e-05,-3.08,-1.48
1832,2.2280000000000004e-05,-3.08,-1.48
1833,2.2319999999999996e-05,-3.08,-1.48
1834,2.2360000000000003e-05,-3.08,-1.48
1835,2.2399999999999996e-05,-3.08,-1.48
1836,2.2440000000000002e-05,-3.08,-1.48
1837,2.248000000000001e-05,-3.08,-1.48
1838,2.252e-05,-3.08,-1.48
1839,2.2560000000000008e-05,-3.08,-1.48
1840,2.26e-05,-3.08,-1.48
1841,2.2640000000000007e-05,-3.08,-1.48
1842,2.268e-05,-3.08,-1.48
1843,2.2720000000000006e-05,-3.04,-1.48
1844,2.276e-05,-3.08,-1.48
1845,2.2800000000000005e-05,-3.04,-1.48
1846,2.2839999999999998e-05,-3.08,-1.48
1847,2.2880000000000005e-05,-3.04,-1.48
1848,2.2919999999999997e-05,-3.04,-1.48
1849,2.2960000000000004e-05,-3.04,-1.48
1850,2.2999999999999997e-05,-3.04,-1.48
1851,2.3040000000000003e-05,-3.04,-1.48
1852,2.3079999999999996e-05,-3.04,-1.48
1853,2.3120000000000002e-05,-3.04,-1.48
1854,2.316000000000001e-05,-3.04,-1.48
1855,2.32e-05,-3.04,-1.48
1856,2.3240000000000008e-05,-3.04,-1.48
1857,2.328e-05,-3.04,-1.48
1858,2.3320000000000007e-05,-3.04,-1.48
1859,2.336e-05,-3.04,-1.48
1860,2.3400000000000006e-05,-3.04,-1.48
1861,2.344e-05,-3.04,-1.48
1862,2.3480000000000006e-05,-3.04,-1.48
1863,2.352e-05,-3.04,-1.48
1864,2.3560000000000005e-05,-3.04,-1.48
1865,2.3599999999999998e-05,-3.04,-1.48
1866,2.3640000000000004e-05,-3.04,-1.48
1867,2.3679999999999997e-05,-3.04,-1.48
1868,2.3720000000000003e-05,-3.04,-1.48
1869,2.3759999999999996e-05,-3.04,-1.48
1870,2.3800000000000003e-05,-3.04,-1.48
1871,2.3839999999999995e-05,-3.04,-1.48
1872,2.3880000000000002e-05,-3.04,-1.48
1873,2.3920000000000008e-05,-3.04,-1.48
1874,2.396e-05,-3.04,-1.48
1875,2.4000000000000007e-05,-3.04,-1.48
1876,2.404e-05,-3.04,-1.48
1877,2.4080000000000007e-05,-3.04,-1.48
1878,2.412e-05,-3.04,-1.48
1879,2.4160000000000006e-05,-3.04,-1.48
1880,2.42e-05,-3.04,-1.48
1881,2.4240000000000005e-05,-3.04,-1.48
1882,2.4279999999999998e-05,-3.04,-1.48
1883,2.4320000000000004e-05,-3.04,-1.48
1884,2.4359999999999997e-05,-3.04,-1.48
1885,2.4400000000000004e-05,-3.04,-1.48
1886,2.4439999999999996e-05,-3.04,-1.48
1887,2.4480000000000003e-05,-3.04,-1.48
1888,2.4519999999999996e-05,-3.04,-1.48
1889,2.4560000000000002e-05,-3.04,-1.48
1890,2.460000000000001e-05,-3.04,-1.48
1891,2.464e-05,-3.04,-1.48
1892,2.4680000000000008e-05,-3.04,-1.48
1893,2.472e-05,-3.04,-1.48
1894,2.4760000000000007e-05,-3.04,-1.48
1895,2.48e-05,-3.04,-1.48
1896,2.4840000000000006e-05,-3.04,-1.48
1897,2.488e-05,-3.04,-1.48
1898,2.4920000000000005e-05,-3.04,-1.48
1899,2.4959999999999998e-05,-3.04,-1.48
1900,2.5000000000000005e-05,-3.04,-1.48
1901,2.5039999999999997e-05,-3.04,-1.48
1902,2.5080000000000004e-05,-3.04,-1.44
1903,2.5119999999999997e-05,-3.04,-1.48
1904,2.5160000000000003e-05,-3.04,-1.44
1905,2.5199999999999996e-05,-3.04,-1.48
1906,2.5240000000000002e-05,-3.04,-1.44
1907,2.528000000000001e-05,-3.04,-1.44
1908,2.532e-05,-3.04,-1.48
1909,2.5360000000000008e-05,-3.04,-1.44
1910,2.54e-05,-3.04,-1.44
1911,2.5440000000000007e-05,-3.04,-1.44
1912,2.548e-05,-3.04,-1.44
1913,2.5520000000000006e-05,-3.04,-1.44
1914,2.556e-05,-3.04,-1.44
1915,2.5600000000000006e-05,-3.04,-1.44
1916,2.564e-05,-3.04,-1.44
1917,2.5680000000000005e-05,-3.04,-1.44
1918,2.5719999999999998e-05,-3.04,-1.44
1919,2.5760000000000004e-05,-3.04,-1.44
1920,2.5799999999999997e-05,-3.04,-1.44
1921,2.5840000000000003e-05,-3.04,-1.44
1922,2.5879999999999996e-05,-3.04,-1.44
1923,2.5920000000000003e-05,-3.04,-1.44
1924,2.5959999999999995e-05,-3.04,-1.44
1925,2.6000000000000002e-05,-0.84,-0.64
1926,2.6040000000000008e-05,2.92,2.08
1927,2.608e-05,3.0,2.24
1928,2.6120000000000007e-05,2.96,2.24
1929,2.616e-05,2.96,2.24
1930,2.6200000000000007e-05,2.96,2.24
1931,2.624e-05,2.96,2.24
1932,2.6280000000000006e-05,2.96,2.24
1933,2.632e-05,2.96,2.24
1934,2.6360000000000005e-05,2.96,2.24
1935,2.6399999999999998e-05,2.96,2.24
1936,2.6440000000000004e-05,2.96,2.24
1937,2.6479999999999997e-05,2.96,2.24
1938,2.6520000000000004e-05,2.96,2.24
1939,2.6559999999999996e-05,2.96,2.24
1940,2.6600000000000003e-05,2.96,2.24
1941,2.6639999999999996e-05,2.96,2.24
1942,2.6680000000000002e-05,2.96,2.24
1943,2.672000000000001e-05,2.96,2.24
1944,2.676e-05,2.96,2.24
1945,2.6800000000000008e-05,2.96,2.24
1946,2.684e-05,2.96,2.24
1947,2.6880000000000007e-05,2.96,2.24
1948,2.692e-05,2.96,2.24
1949,2.6960000000000006e-05,2.96,2.24
1950,2.7e-05,2.96,2.24
1951,2.7040000000000005e-05,2.96,2.24
1952,2.7079999999999998e-05,2.96,2.24
1953,2.7120000000000005e-05,2.96,2.24
1954,2.7159999999999997e-05,2.96,2.24
1955,2.7200000000000004e-05,2.96,2.24
1956,2.7239999999999997e-05,2.96,2.24
1957,2.7280000000000003e-05,2.96,2.24
1958,2.7319999999999996e-05,2.96,2.24
1959,2.7360000000000002e-05,2.96,2.24
1960,2.740000000000001e-05,2.96,2.24
1961,2.744e-05,2.96,2.24
1962,2.7480000000000008e-05,2.96,2.24
1963,2.752e-05,2.96,2.24
1964,2.7560000000000007e-05,2.96,2.24
1965,2.76e-05,2.96,2.24
1966,2.7640000000000006e-05,2.96,2.24
1967,2.768e-05,2.96,2.24
1968,2.7720000000000006e-05,2.96,2.24
1969,2.776e-05,2.96,2.24
1970,2.7800000000000005e-05,2.96,2.24
1971,2.7839999999999998e-05,2.96,2.24
1972,2.7880000000000004e-05,2.96,2.24
1973,2.7919999999999997e-05,2.96,2.24
1974,2.7960000000000003e-05,2.96,2.24
1975,2.7999999999999996e-05,2.96,2.24
1976,2.8040000000000003e-05,2.96,2.24
1977,2.8079999999999995e-05,2.96,2.24
1978,2.8120000000000002e-05,2.96,2.24
1979,2.8160000000000008e-05,2.96,2.24
1980,2.82e-05,2.96,2.24
1981,2.8240000000000007e-05,2.96,2.2
1982,2.828e-05,2.96,2.24
1983,2.8320000000000007e-05,2.96,2.24
1984,2.836e-05,2.96,2.2
1985,2.8400000000000006e-05,2.96,2.2
1986,2.844e-05,2.96,2.2
1987,2.8480000000000005e-05,2.96,2.2
1988,2.8519999999999998e-05,2.96,2.2
1989,2.8560000000000004e-05,2.96,2.2
1990,2.8599999999999997e-05,2.96,2.2
1991,2.8640000000000004e-05,2.96,2.2
1992,2.8679999999999996e-05,2.96,2.2
1993,2.8720000000000003e-05,2.96,2.2
1994,2.8759999999999996e-05,2.96,2.2
1995,2.8800000000000002e-05,2.96,2.2
1996,2.884000000000001e-05,2.96,2.2
1997,2.888e-05,2.96,2.2
1998,2.8920000000000008e-05,2.96,2.2
1999,2.896e-05,2.96,2.2
2000,2.9000000000000007e-05,2.96,2.2
2001,2.904e-05,2.96,2.2
2002,2.9080000000000006e-05,2.96,2.2
2003,2.912e-05,2.96,2.2
2004,2.9160000000000005e-05,3.0,2.2
2005,2.9199999999999998e-05,2.96,2.2
2006,2.9240000000000005e-05,2.96,2.2
2007,2.9279999999999997e-05,2.96,2.2
2008,2.9320000000000004e-05,3.0,2.2
2009,2.9359999999999997e-05,2.96,2.2
2010,2.9400000000000003e-05,2.96,2.2
2011,2.9439999999999996e-05,3.0,2.2
2012,2.9480000000000002e-05,2.96,2.2
2013,2.952000000000001e-05,3.0,2.2
2014,2.956e-05,2.96,2.2
2015,2.9600000000000008e-05,3.0,2.2
2016,2.964e-05,3.0,2.2
2017,2.9680000000000007e-05,3.0,2.2
2018,2.972e-05,3.0,2.2
2019,2.9760000000000006e-05,2.96,2.2
2020,2.98e-05,3.0,2.2
2021,2.9840000000000006e-05,3.0,2.2
2022,2.988e-05,3.0,2.2
2023,2.9920000000000005e-05,3.0,2.2
2024,2.9959999999999998e-05,3.0,2.2
2025,3.0000000000000004e-05,3.0,2.2
2026,3.0039999999999997e-05,3.0,2.2
2027,3.0080000000000003e-05,3.0,2.2
2028,3.0119999999999996e-05,3.0,2.2
2029,3.0160000000000003e-05,3.0,2.2
2030,3.0199999999999995e-05,3.0,2.2
2031,3.0240000000000002e-05,3.0,2.2
2032,3.0280000000000008e-05,3.0,2.2
2033,3.032e-05,3.0,2.2
2034,3.0360000000000007e-05,3.0,2.2
2035,3.04e-05,3.0,2.2
2036,3.0440000000000007e-05,3.0,2.2
2037,3.048e-05,3.0,2.2
2038,3.0520000000000006e-05,3.0,2.2
2039,3.056e-05,3.0,2.2
2040,3.0600000000000005e-05,3.0,2.2
2041,3.064e-05,3.0,2.2
2042,3.0680000000000004e-05,3.0,2.2
2043,3.072e-05,3.0,2.2
2044,3.0760000000000004e-05,3.0,2.2
2045,3.0799999999999996e-05,3.0,2.2
2046,3.084e-05,3.0,2.2
2047,3.0879999999999996e-05,3.0,2.2
2048,3.092e-05,3.0,2.2
2049,3.096000000000001e-05,3.0,2.2
2050,3.1e-05,3.0,2.2
2051,3.104000000000001e-05,3.0,2.2
2052,3.108e-05,3.0,2.2
2053,3.112000000000001e-05,3.0,2.2
2054,3.116e-05,3.0,2.2
2055,3.1200000000000006e-05,3.0,2.2
2056,3.124e-05,3.0,2.2
2057,3.1280000000000005e-05,3.0,2.2
2058,3.132e-05,3.0,2.2
2059,3.1360000000000005e-05,3.0,2.2
2060,3.14e-05,3.0,2.2
2061,3.1440000000000004e-05,3.0,2.2
2062,3.148e-05,3.0,2.2
2063,3.152e-05,3.0,2.2
2064,3.1559999999999996e-05,3.0,2.2
2065,3.16e-05,3.0,2.2
2066,3.164000000000001e-05,3.0,2.2
2067,3.168e-05,3.0,2.2
2068,3.172000000000001e-05,3.0,2.2
2069,3.176e-05,3.0,2.2
2070,3.180000000000001e-05,3.0,2.2
2071,3.184e-05,3.0,2.2
2072,3.1880000000000006e-05,3.0,2.2
2073,3.192e-05,3.0,2.2
2074,3.1960000000000006e-05,3.0,2.2
2075,3.2e-05,3.0,2.2
2076,3.2040000000000005e-05,3.0,2.2
2077,3.208e-05,3.0,2.2
2078,3.2120000000000004e-05,3.0,2.2
2079,3.216e-05,3.0,2.2
2080,3.2200000000000003e-05,3.0,2.2
2081,3.2239999999999996e-05,3.0,2.2
2082,3.228e-05,3.0,2.2
2083,3.2319999999999995e-05,3.0,2.2
2084,3.236e-05,3.0,2.2
2085,3.240000000000001e-05,3.0,2.2
2086,3.244e-05,3.0,2.2
2087,3.248000000000001e-05,3.0,2.2
2088,3.252e-05,3.0,2.2
2089,3.256000000000001e-05,3.0,2.2
2090,3.26e-05,3.0,2.2
2091,3.2640000000000006e-05,3.0,2.2
2092,3.268e-05,3.0,2.2
2093,3.2720000000000005e-05,3.0,2.2
2094,3.276e-05,3.0,2.2
2095,3.2800000000000004e-05,3.0,2.2
2096,3.284e-05,3.0,2.2
2097,3.2880000000000004e-05,3.0,2.2
2098,3.2919999999999997e-05,3.0,2.2
2099,3.296e-05,3.0,2.2
2100,3.2999999999999996e-05,3.0,2.2
2101,3.304e-05,3.0,2.2
2102,3.308000000000001e-05,3.0,2.2
2103,3.312e-05,3.0,2.2
2104,3.316000000000001e-05,3.0,2.2
2105,3.32e-05,3.0,2.2
2106,3.324000000000001e-05,3.0,2.2
2107,3.328e-05,3.0,2.2
2108,3.3320000000000006e-05,3.0,2.2
2109,3.336e-05,3.0,2.2
2110,3.3400000000000005e-05,3.0,2.2
2111,3.344e-05,3.0,2.2
2112,3.3480000000000005e-05,3.0,2.2
2113,3.352e-05,3.0,2.2
2114,3.3560000000000004e-05,3.0,2.2
2115,3.36e-05,3.0,2.2
2116,3.364e-05,3.0,2.2
2117,3.3679999999999996e-05,3.0,2.2
2118,3.372e-05,3.0,2.2
2119,3.376000000000001e-05,3.0,2.2
2120,3.38e-05,3.0,2.2
2121,3.384000000000001e-05,3.0,2.2
2122,3.388e-05,3.0,2.2
2123,3.392000000000001e-05,3.0,2.2
2124,3.396e-05,3.0,2.2
2125,3.4000000000000007e-05,3.0,2.2
2126,3.404e-05,3.0,2.2
2127,3.4080000000000006e-05,3.0,2.2
2128,3.412e-05,3.0,2.2
2129,3.4160000000000005e-05,3.0,2.2
2130,3.42e-05,3.0,2.2
2131,3.4240000000000004e-05,3.0,2.2
2132,3.428e-05,3.0,2.2
2133,3.4320000000000003e-05,3.0,2.2
2134,3.4359999999999996e-05,3.0,2.2
2135,3.44e-05,3.0,2.2
2136,3.4439999999999996e-05,3.0,2.2
2137,3.448e-05,3.0,2.2
2138,3.452000000000001e-05,3.0,2.2
2139,3.456e-05,3.0,2.2
2140,3.460000000000001e-05,3.0,2.2
2141,3.464e-05,3.0,2.2
2142,3.468000000000001e-05,3.0,2.2
2143,3.472e-05,3.0,2.2
2144,3.4760000000000006e-05,3.0,2.2
2145,3.48e-05,3.0,2.2
2146,3.4840000000000005e-05,3.0,2.2
2147,3.488e-05,3.0,2.2
2148,3.4920000000000004e-05,3.0,2.2
2149,3.496e-05,3.0,2.2
2150,3.5000000000000004e-05,3.0,2.2
2151,3.5039999999999997e-05,3.0,2.2
2152,3.508e-05,3.0,2.2
2153,3.5119999999999996e-05,3.0,2.2
2154,3.516e-05,3.0,2.2
2155,3.520000000000001e-05,3.0,2.2
2156,3.524e-05,3.0,2.2
2157,3.528000000000001e-05,3.0,2.2
2158,3.532e-05,3.0,2.2
2159,3.536000000000001e-05,3.0,2.2
2160,3.54e-05,3.0,2.2
2161,3.5440000000000006e-05,3.0,2.2
2162,3.548e-05,3.0,2.2
2163,3.5520000000000006e-05,3.0,2.2
2164,3.556e-05,3.0,2.2
2165,3.5600000000000005e-05,3.0,2.2
2166,3.564e-05,3.0,2.2
2167,3.5680000000000004e-05,3.0,2.2
2168,3.572e-05,3.0,2.2
2169,3.576e-05,3.0,2.2
2170,3.5799999999999996e-05,3.0,2.2
2171,3.584e-05,3.0,2.2
2172,3.588000000000001e-05,3.0,2.2
2173,3.592e-05,3.0,2.2
2174,3.596000000000001e-05,3.0,2.2
2175,3.6e-05,3.0,2.2
2176,3.604000000000001e-05,3.0,2.2
2177,3.608e-05,3.0,2.2
2178,3.6120000000000007e-05,3.0,2.2
2179,3.616e-05,3.0,2.2
2180,3.6200000000000006e-05,3.0,2.2
2181,3.624e-05,3.0,2.2
2182,3.6280000000000005e-05,3.0,2.2
2183,3.632e-05,3.0,2.2
2184,3.6360000000000004e-05,3.0,2.2
2185,3.64e-05,3.0,2.2
2186,3.6440000000000003e-05,3.0,2.2
2187,3.6479999999999996e-05,3.0,2.2
2188,3.652e-05,3.0,2.2
2189,3.6559999999999996e-05,3.0,2.2
2190,3.66e-05,3.0,2.2
2191,3.664000000000001e-05,3.0,2.2
2192,3.668e-05,3.0,2.2
2193,3.672000000000001e-05,3.0,2.2
2194,3.676e-05,3.0,2.2
2195,3.680000000000001e-05,3.0,2.2
2196,3.684e-05,3.0,2.2
2197,3.6880000000000006e-05,3.0,2.2
2198,3.692e-05,3.0,2.2
2199,3.6960000000000005e-05,3.0,2.2
2200,3.7e-05,3.0,2.2
2201,3.7040000000000005e-05,3.0,2.2
2202,3.708e-05,3.0,2.2
2203,3.7120000000000004e-05,3.0,2.2
2204,3.7159999999999997e-05,3.0,2.2
2205,3.72e-05,3.0,2.2
2206,3.7239999999999996e-05,3.0,2.2
2207,3.728e-05,3.0,2.2
2208,3.732000000000001e-05,3.0,2.2
2209,3.736e-05,3.0,2.2
2210,3.740000000000001e-05,3.0,2.2
2211,3.744e-05,3.0,2.2
2212,3.748000000000001e-05,3.0,2.2
2213,3.752e-05,3.0,2.2
2214,3.7560000000000006e-05,3.0,2.2
2215,3.76e-05,3.0,2.2
2216,3.7640000000000006e-05,3.0,2.2
2217,3.768e-05,3.0,2.2
2218,3.7720000000000005e-05,3.0,2.2
2219,3.776e-05,3.0,2.2
2220,3.7800000000000004e-05,3.0,2.2
2221,3.784e-05,3.0,2.2
2222,3.788e-05,3.0,2.2
2223,3.7919999999999996e-05,3.0,2.2
2224,3.796e-05,3.0,2.2
2225,3.800000000000001e-05,3.0,2.2
2226,3.804e-05,3.0,2.2
2227,3.808000000000001e-05,3.0,2.2
2228,3.812e-05,3.0,2.2
2229,3.816000000000001e-05,3.0,2.2
2230,3.82e-05,3.0,2.2
2231,3.8240000000000007e-05,3.0,2.2
2232,3.828e-05,3.0,2.2
2233,3.8320000000000006e-05,3.0,2.2
2234,3.836e-05,3.0,2.2
2235,3.8400000000000005e-05,3.0,2.2
2236,3.844e-05,3.0,2.2
2237,3.8480000000000004e-05,3.0,2.2
2238,3.852e-05,3.0,2.2
2239,3.8560000000000004e-05,3.0,2.2
2240,3.8599999999999996e-05,3.0,2.2
2241,3.864e-05,3.0,2.2
2242,3.8679999999999996e-05,3.04,2.2
2243,3.872e-05,3.0,2.2
2244,3.876000000000001e-05,3.0,2.2
2245,3.88e-05,3.0,2.2
2246,3.884000000000001e-05,3.0,2.2
2247,3.888e-05,3.0,2.2
2248,3.892000000000001e-05,3.0,2.2
2249,3.896e-05,3.0,2.2
2250,3.9000000000000006e-05,3.0,2.2
2251,3.904e-05,3.0,2.2
2252,3.9080000000000005e-05,3.0,2.2
2253,3.912e-05,3.0,2.2
2254,3.9160000000000005e-05,3.0,2.2
2255,3.92e-05,3.0,2.2
2256,3.9240000000000004e-05,3.0,2.2
2257,3.928e-05,3.0,2.2
2258,3.932e-05,3.0,2.2
2259,3.9359999999999996e-05,3.0,2.2
2260,3.94e-05,3.0,2.2
2261,3.944000000000001e-05,3.04,2.2
2262,3.948e-05,3.0,2.2
2263,3.952000000000001e-05,3.0,2.2
2264,3.956e-05,3.0,2.2
2265,3.960000000000001e-05,3.04,2.2
2266,3.964e-05,3.0,2.2
2267,3.9680000000000006e-05,3.0,2.2
2268,3.972e-05,3.04,2.2
2269,3.9760000000000006e-05,3.0,2.2
2270,3.98e-05,3.04,2.2
2271,3.9840000000000005e-05,3.0,2.2
2272,3.988e-05,3.0,2.2
2273,3.9920000000000004e-05,3.0,2.2
2274,3.996e-05,3.0,2.2
2275,4e-05,3.04,2.2
2276,4.0039999999999996e-05,3.0,2.2
2277,4.008e-05,3.04,2.2
2278,4.012000000000001e-05,3.0,2.2
2279,4.016e-05,3.0,2.2
2280,4.020000000000001e-05,3.0,2.2
2281,4.024e-05,3.04,2.2
2282,4.028000000000001e-05,3.04,2.2
2283,4.032e-05,3.0,2.2
2284,4.0360000000000007e-05,3.04,2.2
2285,4.04e-05,3.0,2.2
2286,4.0440000000000006e-05,3.04,2.2
2287,4.048e-05,3.0,2.2
2288,4.0520000000000005e-05,3.0,2.2
2289,4.056e-05,3.04,2.2
2290,4.0600000000000004e-05,3.0,2.2
2291,4.064e-05,3.04,2.2
2292,4.0680000000000004e-05,3.0,2.2
2293,4.0719999999999996e-05,3.04,2.2
2294,4.076e-05,3.04,2.2
2295,4.0799999999999996e-05,3.04,2.2
2296,4.084e-05,3.04,2.2
2297,4.088000000000001e-05,3.0,2.2
2298,4.092e-05,3.04,2.2
2299,4.096000000000001e-05,3.0,2.2
2300,4.1e-05,3.0,2.2
2301,4.104000000000001e-05,3.04,2.2
2302,4.108e-05,3.0,2.2
2303,4.1120000000000006e-05,3.04,2.2
2304,4.116e-05,3.0,2.2
2305,4.1200000000000005e-05,3.04,2.2
2306,4.124e-05,3.04,2.2
2307,4.1280000000000005e-05,3.04,2.2
2308,4.132e-05,3.04,2.2
2309,4.1360000000000004e-05,3.0,2.2
2310,4.14e-05,3.04,2.2
2311,4.144e-05,3.0,2.2
2312,4.1479999999999996e-05,3.04,2.2
2313,4.152e-05,3.04,2.2
2314,4.156000000000001e-05,3.0,2.2
2315,4.16e-05,3.04,2.2
2316,4.164000000000001e-05,3.0,2.2
2317,4.168e-05,3.04,2.2
2318,4.172000000000001e-05,3.0,2.2
2319,4.176e-05,3.04,2.2
2320,4.1800000000000006e-05,3.04,2.2
2321,4.184e-05,3.0,2.2
2322,4.1880000000000006e-05,3.04,2.2
2323,4.192e-05,3.0,2.2
2324,4.1960000000000005e-05,3.04,2.2
2325,4.2e-05,3.0,2.2
2326,4.2040000000000004e-05,3.04,2.2
2327,4.208e-05,3.04,2.2
2328,4.212e-05,3.04,2.2
2329,4.2159999999999996e-05,3.04,2.2
2330,4.22e-05,3.0,2.2
2331,4.224000000000001e-05,3.04,2.2
2332,4.228e-05,3.0,2.2
2333,4.232000000000001e-05,3.04,2.2
2334,4.236e-05,3.04,2.2
2335,4.240000000000001e-05,3.04,2.2
2336,4.244e-05,3.04,2.2
2337,4.248000000000001e-05,3.0,2.2
2338,4.252e-05,3.0,2.2
2339,4.2560000000000006e-05,3.04,2.2
2340,4.26e-05,3.04,2.2
2341,4.2640000000000005e-05,3.04,2.2
2342,4.268e-05,3.0,2.2
2343,4.2720000000000004e-05,3.04,2.2
2344,4.276e-05,3.0,2.2
2345,4.2800000000000004e-05,3.04,2.2
2346,4.2839999999999996e-05,3.04,2.2
2347,4.288e-05,3.04,2.2
2348,4.2919999999999996e-05,3.04,2.2
2349,4.296e-05,3.0,2.2
2350,4.300000000000001e-05,3.04,2.2
2351,4.304e-05,3.0,2.2
2352,4.308000000000001e-05,3.04,2.2
2353,4.312e-05,3.04,2.2
2354,4.316000000000001e-05,3.04,2.2
2355,4.32e-05,3.04,2.2
2356,4.3240000000000006e-05,3.0,2.2
2357,4.328e-05,3.04,2.2
2358,4.3320000000000005e-05,3.04,2.2
2359,4.336e-05,3.04,2.2
2360,4.3400000000000005e-05,3.04,2.2
2361,4.344e-05,3.04,2.2
2362,4.3480000000000004e-05,3.04,2.2
2363,4.352e-05,3.0,2.2
2364,4.356e-05,3.04,2.2
2365,4.3599999999999996e-05,3.0,2.2
2366,4.364e-05,3.04,2.2
2367,4.368000000000001e-05,3.04,2.2
2368,4.372e-05,3.04,2.2
2369,4.376000000000001e-05,3.04,2.2
2370,4.38e-05,3.0,2.2
2371,4.384000000000001e-05,3.04,2.2
2372,4.388e-05,3.04,2.2
2373,4.3920000000000006e-05,3.04,2.2
2374,4.396e-05,3.04,2.2
2375,4.4000000000000006e-05,3.0,2.2
2376,4.404e-05,3.04,2.2
2377,4.4080000000000005e-05,3.0,2.2
2378,4.412e-05,3.04,2.2
2379,4.4160000000000004e-05,3.04,2.2
2380,4.42e-05,3.04,2.2
2381,4.424e-05,3.04,2.2
2382,4.4279999999999996e-05,3.04,2.2
2383,4.432e-05,3.04,2.2
2384,4.436000000000001e-05,3.0,2.2
2385,4.44e-05,3.04,2.2
2386,4.444000000000001e-05,3.04,2.2
2387,4.448e-05,3.04,2.2
2388,4.452000000000001e-05,3.04,2.2
2389,4.456e-05,3.0,2.2
2390,4.460000000000001e-05,3.04,2.2
2391,4.464e-05,3.0,2.2
2392,4.4680000000000006e-05,3.04,2.2
2393,4.472e-05,3.04,2.2
2394,4.4760000000000005e-05,3.04,2.2
2395,4.48e-05,3.04,2.2
2396,4.4840000000000004e-05,3.0,2.2
2397,4.488e-05,3.04,2.2
2398,4.4920000000000004e-05,3.04,2.2
2399,4.4959999999999996e-05,3.04,2.2
2400,4.5e-05,3.04,2.2
2401,4.5039999999999996e-05,3.04,2.2
2402,4.508e-05,3.04,2.2
2403,4.512000000000001e-05,3.0,2.2
2404,4.516e-05,3.04,2.2
2405,4.520000000000001e-05,3.04,2.2
2406,4.524e-05,3.04,2.2
2407,4.528000000000001e-05,3.04,2.2
2408,4.532e-05,3.04,2.2
2409,4.5360000000000006e-05,3.04,2.2
2410,4.54e-05,3.0,2.2
2411,4.5440000000000005e-05,3.04,2.2
2412,4.548e-05,3.04,2.2
2413,4.5520000000000005e-05,3.04,2.2
2414,4.556e-05,3.04,2.2
2415,4.5600000000000004e-05,3.0,2.2
2416,4.564e-05,3.04,2.2
2417,4.568e-05,3.04,2.2
2418,4.5719999999999996e-05,3.04,2.2
2419,4.576e-05,3.04,2.2
2420,4.580000000000001e-05,3.04,2.2
2421,4.584e-05,3.04,2.2
2422,4.588000000000001e-05,3.0,2.2
2423,4.592e-05,3.04,2.2
2424,4.596000000000001e-05,3.04,2.2
2425,4.6e-05,3.04,2.2
2426,4.6040000000000006e-05,3.04,2.2
2427,4.608e-05,3.04,2.2
2428,4.6120000000000006e-05,3.04,2.2
2429,4.616e-05,3.04,2.2
2430,4.6200000000000005e-05,3.04,2.2
2431,4.624e-05,3.04,2.2
2432,4.6280000000000004e-05,3.04,2.2
2433,4.632e-05,3.04,2.2
2434,4.636e-05,3.04,2.2
2435,4.6399999999999996e-05,3.04,2.2
2436,4.644e-05,3.0,2.2
2437,4.648000000000001e-05,3.04,2.2
2438,4.652e-05,3.04,2.2
2439,4.656000000000001e-05,3.04,2.2
2440,4.66e-05,3.04,2.2
2441,4.664000000000001e-05,3.04,2.2
2442,4.668e-05,3.04,2.2
2443,4.672000000000001e-05,3.0,2.2
2444,4.676e-05,3.04,2.2
2445,4.6800000000000006e-05,3.04,2.2
2446,4.684e-05,3.04,2.2
2447,4.6880000000000005e-05,3.04,2.2
2448,4.692e-05,3.0,2.2
2449,4.6960000000000004e-05,3.04,2.2
2450,4.7e-05,3.04,2.2
2451,4.7040000000000004e-05,3.04,2.2
2452,4.7079999999999996e-05,3.04,2.2
2453,4.712e-05,3.04,2.2
2454,4.7159999999999996e-05,3.04,2.2
2455,4.72e-05,3.0,2.2
2456,4.724000000000001e-05,3.04,2.2
2457,4.728e-05,3.04,2.2
2458,4.732000000000001e-05,3.04,2.2
2459,4.736e-05,3.04,2.2
2460,4.740000000000001e-05,3.04,2.2
2461,4.744e-05,3.04,2.2
2462,4.7480000000000006e-05,3.0,2.2
2463,4.752e-05,3.04,2.2
2464,4.7560000000000005e-05,3.04,2.2
2465,4.76e-05,3.04,2.2
2466,4.7640000000000005e-05,3.04,2.2
2467,4.768e-05,3.04,2.2
2468,4.7720000000000004e-05,3.04,2.2
2469,4.776e-05,3.0,2.2
2470,4.78e-05,3.04,2.2
2471,4.7839999999999996e-05,3.04,2.2
2472,4.788e-05,3.04,2.2
2473,4.792000000000001e-05,3.04,2.2
2474,4.796e-05,3.04,2.2
2475,4.800000000000001e-05,3.04,2.2
2476,4.804e-05,3.04,2.2
2477,4.808000000000001e-05,3.04,2.2
2478,4.812e-05,3.04,2.2
2479,4.8160000000000006e-05,3.04,2.2
2480,4.82e-05,3.04,2.2
2481,4.8240000000000006e-05,3.04,2.2
2482,4.828e-05,3.04,2.2
2483,4.8320000000000005e-05,3.04,2.2
2484,4.836e-05,3.04,2.2
2485,4.8400000000000004e-05,3.04,2.2
2486,4.844e-05,3.04,2.2
2487,4.8480000000000003e-05,3.04,2.2
2488,4.8519999999999996e-05,3.0,2.2
2489,4.856e-05,3.04,2.2
2490,4.860000000000001e-05,3.04,2.2
2491,4.864e-05,3.04,2.2
2492,4.868000000000001e-05,3.04,2.2
2493,4.872e-05,3.04,2.2
2494,4.876000000000001e-05,3.04,2.2
2495,4.88e-05,3.04,2.2
2496,4.884000000000001e-05,3.04,2.2
2497,4.888e-05,3.04,2.2
2498,4.8920000000000006e-05,3.04,2.2
2499,4.896e-05,3.04,2.2
