,time (s),Channel 1 (V),Channel 2 (V)
0,-0.0252,0.24,0.0
1,-0.02518,0.24,0.0
2,-0.025160000000000002,0.22,0.0
3,-0.02514,0.2,0.0
4,-0.02512,0.2,0.0
5,-0.0251,0.18,0.0
6,-0.02508,0.18,0.0
7,-0.02506,0.16,0.0
8,-0.02504,0.16,0.0
9,-0.02502,0.14,0.0
10,-0.025,0.12,0.0
11,-0.02498,0.12,0.0
12,-0.02496,0.1,0.0
13,-0.02494,0.1,0.0
14,-0.02492,0.08,0.0
15,-0.0249,0.06,0.0
16,-0.02488,0.06,0.0
17,-0.02486,0.06,0.0
18,-0.02484,0.04,0.0
19,-0.024820000000000002,0.02,0.0
20,-0.0248,0.02,0.0
21,-0.02478,0.0,0.0
22,-0.02476,0.0,0.0
23,-0.02474,-0.02,0.0
24,-0.02472,-0.04,0.0
25,-0.0247,-0.04,0.0
26,-0.02468,-0.06,0.0
27,-0.02466,-0.06,0.0
28,-0.02464,-0.08,0.0
29,-0.02462,-0.08,0.0
30,-0.0246,-0.1,0.0
31,-0.02458,-0.12,0.0
32,-0.02456,-0.12,0.0
33,-0.02454,-0.14,0.0
34,-0.02452,-0.14,0.0
35,-0.0245,-0.16,0.0
36,-0.024480000000000002,-0.18,0.0
37,-0.02446,-0.18,0.0
38,-0.02444,-0.2,0.0
39,-0.02442,-0.2,0.0
40,-0.0244,-0.22,0.0
41,-0.02438,-0.24,0.0
42,-0.02436,-0.24,0.0
43,-0.02434,-0.24,0.0
44,-0.02432,-0.26,0.0
45,-0.0243,-0.26,0.0
46,-0.02428,-0.28,0.0
47,-0.02426,-0.28,0.0
48,-0.02424,-0.3,0.0
49,-0.02422,-0.32,0.0
50,-0.0242,-0.32,0.0
51,-0.02418,-0.34,0.0
52,-0.02416,-0.34,0.0
53,-0.02414,-0.36,0.0
54,-0.02412,-0.36,0.0
55,-0.0241,-0.38,0.0
56,-0.02408,-0.4,0.0
57,-0.02406,-0.4,0.0
58,-0.02404,-0.42,0.0
59,-0.02402,-0.42,0.0
60,-0.024,-0.44,0.0
61,-0.02398,-0.44,0.0
62,-0.02396,-0.46,0.0
63,-0.02394,-0.46,0.0
64,-0.02392,-0.48,0.0
65,-0.0239,-0.48,0.0
66,-0.02388,-0.5,0.0
67,-0.02386,-0.5,0.0
68,-0.02384,-0.52,0.0
69,-0.02382,-0.52,0.0
70,-0.0238,-0.54,0.0
71,-0.02378,-0.54,0.0
72,-0.02376,-0.56,0.0
73,-0.02374,-0.56,0.0
74,-0.02372,-0.58,0.0
75,-0.0237,-0.58,0.0
76,-0.02368,-0.6,0.0
77,-0.02366,-0.62,0.0
78,-0.02364,-0.62,0.0
79,-0.02362,-0.62,0.0
80,-0.0236,-0.64,0.0
81,-0.02358,-0.64,0.0
82,-0.02356,-0.66,0.0
83,-0.02354,-0.66,0.0
84,-0.02352,-0.68,0.0
85,-0.0235,-0.68,0.0
86,-0.02348,-0.7000000000000001,0.0
87,-0.02346,-0.7000000000000001,0.0
88,-0.02344,-0.72,0.0
89,-0.02342,-0.72,0.0
90,-0.0234,-0.74,0.0
91,-0.02338,-0.74,0.0
92,-0.02336,-0.76,0.0
93,-0.02334,-0.76,0.0
94,-0.02332,-0.76,0.0
95,-0.0233,-0.78,0.0
96,-0.02328,-0.78,0.0
97,-0.02326,-0.8,0.0
98,-0.02324,-0.8,0.0
99,-0.02322,-0.8,0.0
100,-0.0232,-0.8200000000000001,0.0
101,-0.02318,-0.84,0.0
102,-0.02316,-0.84,0.0
103,-0.02314,-0.84,0.0
104,-0.02312,-0.86,0.0
105,-0.0231,-0.86,0.0
106,-0.02308,-0.88,0.0
107,-0.02306,-0.88,0.0
108,-0.02304,-0.9,0.0
109,-0.02302,-0.9,0.0
110,-0.023,-0.9,0.0
111,-0.02298,-0.92,0.0
112,-0.02296,-0.92,0.0
113,-0.02294,-0.9400000000000001,0.0
114,-0.02292,-0.9400000000000001,0.0
115,-0.0229,-0.96,0.0
116,-0.02288,-0.96,0.0
117,-0.02286,-0.96,0.0
118,-0.02284,-0.96,0.0
119,-0.02282,-0.98,0.0
120,-0.0228,-0.98,0.0
121,-0.02278,-1.0,0.0
122,-0.02276,-1.0,0.0
123,-0.02274,-1.0,0.0
124,-0.02272,-1.02,0.0
125,-0.0227,-1.02,0.0
126,-0.02268,-1.02,0.0
127,-0.02266,-1.04,0.0
128,-0.02264,-1.04,0.0
129,-0.02262,-1.04,0.0
130,-0.0226,-1.06,0.0
131,-0.02258,-1.06,0.0
132,-0.02256,-1.08,0.0
133,-0.02254,-1.08,0.0
134,-0.02252,-1.08,0.0
135,-0.0225,-1.1,0.0
136,-0.02248,-1.1,0.0
137,-0.02246,-1.1,0.0
138,-0.02244,-1.12,0.0
139,-0.02242,-1.12,0.0
140,-0.0224,-1.12,0.0
141,-0.02238,-1.1400000000000001,0.0
142,-0.02236,-1.1400000000000001,0.0
143,-0.02234,-1.1400000000000001,0.0
144,-0.02232,-1.1400000000000001,0.0
145,-0.0223,-1.16,0.0
146,-0.02228,-1.16,0.0
147,-0.02226,-1.16,0.0
148,-0.02224,-1.18,0.0
149,-0.02222,-1.18,0.0
150,-0.0222,-1.18,0.0
151,-0.02218,-1.2,0.0
152,-0.02216,-1.2,0.0
153,-0.02214,-1.2,0.0
154,-0.02212,-1.2,0.0
155,-0.0221,-1.22,0.0
156,-0.02208,-1.22,0.0
157,-0.02206,-1.22,0.0
158,-0.02204,-1.22,0.0
159,-0.02202,-1.24,0.0
160,-0.022,-1.24,0.0
161,-0.02198,-1.24,0.0
162,-0.02196,-1.24,0.0
163,-0.02194,-1.24,0.0
164,-0.02192,-1.26,0.0
165,-0.0219,-1.26,0.0
166,-0.02188,-1.26,0.0
167,-0.02186,-1.26,0.0
168,-0.02184,-1.28,0.0
169,-0.02182,-1.28,0.0
170,-0.0218,-1.28,0.0
171,-0.02178,-1.28,0.0
172,-0.02176,-1.28,0.0
173,-0.02174,-1.3,0.0
174,-0.02172,-1.3,0.0
175,-0.0217,-1.3,0.0
176,-0.02168,-1.3,0.0
177,-0.02166,-1.3,0.0
178,-0.02164,-1.3,0.0
179,-0.02162,-1.3,0.0
180,-0.0216,-1.32,0.0
181,-0.02158,-1.32,0.0
182,-0.02156,-1.32,0.0
183,-0.02154,-1.32,0.0
184,-0.02152,-1.32,0.0
185,-0.0215,-1.32,0.0
186,-0.02148,-1.34,0.0
187,-0.02146,-1.34,0.0
188,-0.02144,-1.34,0.0
189,-0.02142,-1.34,0.0
190,-0.0214,-1.34,0.0
191,-0.02138,-1.34,0.0
192,-0.02136,-1.34,0.0
193,-0.02134,-1.34,0.0
194,-0.02132,-1.36,0.0
195,-0.0213,-1.36,0.0
196,-0.02128,-1.36,0.0
197,-0.02126,-1.36,0.0
198,-0.021240000000000002,-1.36,0.0
199,-0.02122,-1.36,0.0
200,-0.0212,-1.36,0.0
201,-0.02118,-1.36,0.0
202,-0.021159999999999998,-1.36,0.0
203,-0.02114,-1.36,0.0
204,-0.02112,-1.36,0.0
205,-0.0211,-1.3800000000000001,0.0
206,-0.02108,-1.36,0.0
207,-0.02106,-1.3800000000000001,0.0
208,-0.02104,-1.3800000000000001,0.0
209,-0.02102,-1.3800000000000001,0.0
210,-0.020999999999999998,-1.3800000000000001,0.0
211,-0.02098,-1.3800000000000001,0.0
212,-0.02096,-1.3800000000000001,0.0
213,-0.02094,-1.3800000000000001,0.0
214,-0.02092,-1.3800000000000001,0.0
215,-0.020900000000000002,-1.3800000000000001,0.0
216,-0.02088,-1.3800000000000001,0.0
217,-0.02086,-1.3800000000000001,0.0
218,-0.02084,-1.3800000000000001,0.0
219,-0.020819999999999998,-1.3800000000000001,0.0
220,-0.0208,-1.3800000000000001,0.0
221,-0.02078,-1.3800000000000001,0.0
222,-0.02076,-1.3800000000000001,0.0
223,-0.02074,-1.3800000000000001,0.0
224,-0.02072,-1.3800000000000001,0.0
225,-0.0207,-1.3800000000000001,0.0
226,-0.02068,-1.3800000000000001,0.0
227,-0.020659999999999998,-1.3800000000000001,0.0
228,-0.02064,-1.3800000000000001,0.0
229,-0.02062,-1.3800000000000001,0.0
230,-0.0206,-1.3800000000000001,0.0
231,-0.02058,-1.3800000000000001,0.0
232,-0.020560000000000002,-1.3800000000000001,0.0
233,-0.02054,-1.36,0.0
234,-0.02052,-1.36,0.0
235,-0.0205,-1.36,0.0
236,-0.020479999999999998,-1.36,0.0
237,-0.02046,-1.36,0.0
238,-0.02044,-1.36,0.0
239,-0.02042,-1.36,0.0
240,-0.0204,-1.36,0.0
241,-0.02038,-1.36,0.0
242,-0.02036,-1.36,0.0
243,-0.02034,-1.34,0.0
244,-0.020319999999999998,-1.34,0.0
245,-0.0203,-1.34,0.0
246,-0.02028,-1.34,0.0
247,-0.02026,-1.34,0.0
248,-0.02024,-1.34,0.0
249,-0.020220000000000002,-1.34,0.0
250,-0.0202,-1.34,0.0
251,-0.02018,-1.34,0.0
252,-0.02016,-1.32,0.0
253,-0.020139999999999998,-1.32,0.0
254,-0.02012,-1.32,0.0
255,-0.0201,-1.32,0.0
256,-0.02008,-1.32,0.0
257,-0.02006,-1.32,0.0
258,-0.02004,-1.32,0.0
259,-0.02002,-1.3,0.0
260,-0.02,-1.3,0.0
261,-0.019979999999999998,-1.3,0.0
262,-0.01996,-1.3,0.0
263,-0.01994,-1.3,0.0
264,-0.01992,-1.28,0.0
265,-0.0199,-1.28,0.0
266,-0.019880000000000002,-1.28,0.0
267,-0.01986,-1.28,0.0
268,-0.01984,-1.28,0.0
269,-0.01982,-1.28,0.0
270,-0.019799999999999998,-1.26,0.0
271,-0.01978,-1.26,0.0
272,-0.01976,-1.26,0.0
273,-0.01974,-1.26,0.0
274,-0.01972,-1.26,0.0
275,-0.0197,-1.24,0.0
276,-0.01968,-1.24,0.0
277,-0.01966,-1.24,0.0
278,-0.019639999999999998,-1.24,0.0
279,-0.01962,-1.22,0.0
280,-0.0196,-1.22,0.0
281,-0.01958,-1.22,0.0
282,-0.01956,-1.2,0.0
283,-0.019540000000000002,-1.2,0.0
284,-0.01952,-1.2,0.0
285,-0.0195,-1.2,0.0
286,-0.01948,-1.2,0.0
287,-0.019459999999999998,-1.18,0.0
288,-0.01944,-1.18,0.0
289,-0.01942,-1.18,0.0
290,-0.0194,-1.16,0.0
291,-0.01938,-1.16,0.0
292,-0.01936,-1.16,0.0
293,-0.01934,-1.1400000000000001,0.0
294,-0.01932,-1.1400000000000001,0.0
295,-0.019299999999999998,-1.1400000000000001,0.0
296,-0.01928,-1.1400000000000001,0.0
297,-0.01926,-1.12,0.0
298,-0.01924,-1.12,0.0
299,-0.01922,-1.12,0.0
300,-0.019200000000000002,-1.1,0.0
301,-0.01918,-1.1,0.0
302,-0.01916,-1.1,0.0
303,-0.01914,-1.08,0.0
304,-0.019119999999999998,-1.08,0.0
305,-0.0191,-1.08,0.0
306,-0.01908,-1.06,0.0
307,-0.01906,-1.06,0.0
308,-0.01904,-1.04,0.0
309,-0.01902,-1.04,0.0
310,-0.019,-1.04,0.0
311,-0.01898,-1.02,0.0
312,-0.018959999999999998,-1.02,0.0
313,-0.01894,-1.02,0.0
314,-0.01892,-1.0,0.0
315,-0.0189,-1.0,0.0
316,-0.01888,-1.0,0.0
317,-0.018860000000000002,-0.98,0.0
318,-0.01884,-0.98,0.0
319,-0.01882,-0.96,0.0
320,-0.0188,-0.96,0.0
321,-0.018779999999999998,-0.96,0.0
322,-0.01876,-0.9400000000000001,0.0
323,-0.01874,-0.9400000000000001,0.0
324,-0.01872,-0.9400000000000001,0.0
325,-0.0187,-0.92,0.0
326,-0.01868,-0.92,0.0
327,-0.01866,-0.9,0.0
328,-0.01864,-0.9,0.0
329,-0.018619999999999998,-0.88,0.0
330,-0.0186,-0.88,0.0
331,-0.01858,-0.88,0.0
332,-0.01856,-0.86,0.0
333,-0.01854,-0.86,0.0
334,-0.018520000000000002,-0.84,0.0
335,-0.0185,-0.84,0.0
336,-0.01848,-0.8200000000000001,0.0
337,-0.01846,-0.8200000000000001,0.0
338,-0.018439999999999998,-0.8,0.0
339,-0.01842,-0.8,0.0
340,-0.0184,-0.8,0.0
341,-0.01838,-0.78,0.0
342,-0.01836,-0.78,0.0
343,-0.01834,-0.76,0.0
344,-0.01832,-0.76,0.0
345,-0.0183,-0.76,0.0
346,-0.018279999999999998,-0.74,0.0
347,-0.01826,-0.72,0.0
348,-0.01824,-0.72,0.0
349,-0.01822,-0.72,0.0
350,-0.0182,-0.7000000000000001,0.0
351,-0.01818,-0.68,0.0
352,-0.01816,-0.68,0.0
353,-0.01814,-0.66,0.0
354,-0.01812,-0.66,0.0
355,-0.018099999999999998,-0.66,0.0
356,-0.01808,-0.64,0.0
357,-0.01806,-0.64,0.0
358,-0.01804,-0.62,0.0
359,-0.01802,-0.62,0.0
360,-0.018,-0.6,0.0
361,-0.01798,-0.6,0.0
362,-0.01796,-0.58,0.0
363,-0.017939999999999998,-0.58,0.0
364,-0.01792,-0.56,0.0
365,-0.0179,-0.56,0.0
366,-0.01788,-0.54,0.0
367,-0.01786,-0.54,0.0
368,-0.01784,-0.52,0.0
369,-0.01782,-0.52,0.0
370,-0.0178,-0.5,0.0
371,-0.01778,-0.5,0.0
372,-0.017759999999999998,-0.48,0.0
373,-0.01774,-0.48,0.0
374,-0.01772,-0.46,0.0
375,-0.0177,-0.46,0.0
376,-0.01768,-0.44,0.0
377,-0.01766,-0.44,0.0
378,-0.01764,-0.42,0.0
379,-0.01762,-0.42,0.0
380,-0.017599999999999998,-0.4,0.0
381,-0.01758,-0.38,0.0
382,-0.01756,-0.38,0.0
383,-0.01754,-0.36,0.0
384,-0.01752,-0.36,0.0
385,-0.0175,-0.34,0.0
386,-0.01748,-0.34,0.0
387,-0.01746,-0.32,0.0
388,-0.01744,-0.32,0.0
389,-0.017419999999999998,-0.3,0.0
390,-0.0174,-0.28,0.0
391,-0.01738,-0.28,0.0
392,-0.01736,-0.26,0.0
393,-0.01734,-0.26,0.0
394,-0.017320000000000002,-0.24,0.0
395,-0.0173,-0.24,0.0
396,-0.01728,-0.24,0.0
397,-0.017259999999999998,-0.22,0.0
398,-0.01724,-0.2,0.0
399,-0.01722,-0.2,0.0
400,-0.0172,-0.18,0.0
401,-0.01718,-0.16,0.0
402,-0.01716,-0.16,0.0
403,-0.01714,-0.14,0.0
404,-0.01712,-0.14,0.0
405,-0.017099999999999997,-0.12,0.0
406,-0.017079999999999998,-0.12,0.0
407,-0.01706,-0.1,0.0
408,-0.01704,-0.08,0.0
409,-0.01702,-0.08,0.0
410,-0.017,-0.06,0.0
411,-0.016980000000000002,-0.06,0.0
412,-0.01696,-0.04,0.0
413,-0.01694,-0.04,0.0
414,-0.016919999999999998,-0.02,0.0
415,-0.0169,0.0,0.0
416,-0.01688,0.0,0.0
417,-0.01686,0.02,0.0
418,-0.01684,0.04,0.0
419,-0.01682,0.04,0.0
420,-0.0168,0.06,0.0
421,-0.01678,0.06,0.0
422,-0.016759999999999997,0.08,0.0
423,-0.016739999999999998,0.08,0.0
424,-0.01672,0.1,0.0
425,-0.0167,0.1,0.0
426,-0.01668,0.12,0.0
427,-0.01666,0.12,0.0
428,-0.016640000000000002,0.14,0.0
429,-0.01662,0.16,0.0
430,-0.0166,0.16,0.0
431,-0.016579999999999998,0.18,0.0
432,-0.01656,0.18,0.0
433,-0.01654,0.2,0.0
434,-0.01652,0.2,0.0
435,-0.0165,0.22,0.0
436,-0.01648,0.24,0.0
437,-0.01646,0.24,0.0
438,-0.01644,0.24,0.0
439,-0.016419999999999997,0.26,0.0
440,-0.016399999999999998,0.28,0.0
441,-0.01638,0.3,0.0
442,-0.01636,0.3,0.0
443,-0.01634,0.32,0.02
444,-0.01632,0.32,0.02
445,-0.016300000000000002,0.34,0.02
446,-0.01628,0.34,0.02
447,-0.01626,0.36,0.02
448,-0.016239999999999997,0.36,0.02
449,-0.01622,0.38,0.02
450,-0.0162,0.4,0.04
451,-0.01618,0.4,0.04
452,-0.01616,0.42,0.04
453,-0.01614,0.42,0.06
454,-0.01612,0.44,0.06
455,-0.0161,0.44,0.06
456,-0.016079999999999997,0.46,0.08
457,-0.016059999999999998,0.46,0.08
458,-0.01604,0.48,0.1
459,-0.01602,0.48,0.1
460,-0.016,0.5,0.12
461,-0.01598,0.52,0.12
462,-0.015960000000000002,0.52,0.12
463,-0.01594,0.54,0.14
464,-0.01592,0.54,0.14
465,-0.015899999999999997,0.56,0.16
466,-0.01588,0.56,0.16
467,-0.01586,0.58,0.16
468,-0.01584,0.58,0.18
469,-0.01582,0.6,0.18
470,-0.0158,0.6,0.2
471,-0.01578,0.62,0.2
472,-0.01576,0.62,0.22
473,-0.015739999999999997,0.64,0.22
474,-0.015719999999999998,0.64,0.22
475,-0.0157,0.66,0.24
476,-0.01568,0.68,0.24
477,-0.01566,0.68,0.26
478,-0.01564,0.7000000000000001,0.26
479,-0.01562,0.7000000000000001,0.28
480,-0.0156,0.72,0.28
481,-0.01558,0.72,0.3
482,-0.01556,0.74,0.3
483,-0.01554,0.74,0.32
484,-0.015519999999999999,0.76,0.32
485,-0.0155,0.76,0.34
486,-0.015479999999999999,0.78,0.34
487,-0.01546,0.78,0.36
488,-0.015439999999999999,0.8,0.36
489,-0.01542,0.8,0.38
490,-0.015399999999999999,0.8200000000000001,0.38
491,-0.01538,0.8200000000000001,0.38
492,-0.015359999999999999,0.84,0.4
493,-0.01534,0.84,0.4
494,-0.015319999999999999,0.86,0.42
495,-0.0153,0.86,0.42
496,-0.01528,0.88,0.44
497,-0.01526,0.88,0.44
498,-0.01524,0.9,0.46
499,-0.01522,0.9,0.46
500,-0.0152,0.92,0.48
501,-0.015179999999999999,0.92,0.48
502,-0.01516,0.9400000000000001,0.48
503,-0.015139999999999999,0.9400000000000001,0.5
504,-0.01512,0.96,0.5
505,-0.015099999999999999,0.96,0.52
506,-0.01508,0.96,0.52
507,-0.015059999999999999,0.98,0.54
508,-0.01504,0.98,0.54
509,-0.015019999999999999,1.0,0.54
510,-0.015,1.0,0.56
511,-0.014979999999999999,1.02,0.56
512,-0.01496,1.02,0.58
513,-0.01494,1.04,0.58
514,-0.01492,1.04,0.6
515,-0.0149,1.06,0.6
516,-0.014879999999999999,1.06,0.6
517,-0.01486,1.06,0.62
518,-0.014839999999999999,1.08,0.62
519,-0.01482,1.08,0.64
520,-0.014799999999999999,1.1,0.64
521,-0.01478,1.1,0.66
522,-0.014759999999999999,1.12,0.66
523,-0.01474,1.12,0.68
524,-0.014719999999999999,1.12,0.68
525,-0.0147,1.1400000000000001,0.68
526,-0.014679999999999999,1.1400000000000001,0.7000000000000001
527,-0.01466,1.16,0.7000000000000001
528,-0.014639999999999999,1.16,0.7000000000000001
529,-0.01462,1.16,0.72
530,-0.0146,1.18,0.72
531,-0.01458,1.18,0.74
532,-0.01456,1.2,0.74
533,-0.014539999999999999,1.2,0.74
534,-0.01452,1.22,0.74
535,-0.014499999999999999,1.22,0.76
536,-0.01448,1.22,0.76
537,-0.014459999999999999,1.24,0.78
538,-0.01444,1.24,0.78
539,-0.014419999999999999,1.26,0.78
540,-0.0144,1.26,0.8
541,-0.014379999999999999,1.26,0.8
542,-0.01436,1.28,0.8
543,-0.014339999999999999,1.28,0.8200000000000001
544,-0.01432,1.28,0.8200000000000001
545,-0.014299999999999998,1.3,0.84
546,-0.01428,1.3,0.84
547,-0.01426,1.3,0.84
548,-0.01424,1.32,0.84
549,-0.01422,1.32,0.86
550,-0.014199999999999999,1.34,0.86
551,-0.01418,1.34,0.88
552,-0.014159999999999999,1.34,0.88
553,-0.01414,1.36,0.88
554,-0.014119999999999999,1.36,0.9
555,-0.0141,1.36,0.9
556,-0.014079999999999999,1.3800000000000001,0.9
557,-0.01406,1.3800000000000001,0.9
558,-0.014039999999999999,1.3800000000000001,0.92
559,-0.01402,1.3800000000000001,0.92
560,-0.013999999999999999,1.4000000000000001,0.92
561,-0.01398,1.4000000000000001,0.92
562,-0.013959999999999998,1.4000000000000001,0.9400000000000001
563,-0.01394,1.42,0.9400000000000001
564,-0.01392,1.42,0.9400000000000001
565,-0.0139,1.42,0.96
566,-0.01388,1.42,0.96
567,-0.013859999999999999,1.44,0.96
568,-0.01384,1.44,0.96
569,-0.013819999999999999,1.44,0.98
570,-0.0138,1.44,0.98
571,-0.013779999999999999,1.44,0.98
572,-0.01376,1.46,0.98
573,-0.013739999999999999,1.46,1.0
574,-0.01372,1.46,1.0
575,-0.013699999999999999,1.48,1.0
576,-0.01368,1.48,1.02
577,-0.013659999999999999,1.48,1.02
578,-0.01364,1.48,1.02
579,-0.013619999999999998,1.5,1.02
580,-0.0136,1.5,1.02
581,-0.01358,1.5,1.04
582,-0.01356,1.5,1.04
583,-0.01354,1.5,1.04
584,-0.013519999999999999,1.52,1.04
585,-0.0135,1.52,1.06
586,-0.013479999999999999,1.52,1.06
587,-0.01346,1.52,1.06
588,-0.013439999999999999,1.54,1.06
589,-0.01342,1.54,1.06
590,-0.013399999999999999,1.54,1.08
591,-0.01338,1.54,1.08
592,-0.013359999999999999,1.54,1.08
593,-0.01334,1.54,1.08
594,-0.013319999999999999,1.56,1.08
595,-0.0133,1.56,1.08
596,-0.013279999999999998,1.56,1.08
597,-0.01326,1.56,1.08
598,-0.01324,1.56,1.1
599,-0.013219999999999999,1.58,1.1
600,-0.0132,1.58,1.1
601,-0.013179999999999999,1.58,1.1
602,-0.01316,1.58,1.1
603,-0.013139999999999999,1.58,1.1
604,-0.01312,1.6,1.1
605,-0.013099999999999999,1.6,1.12
606,-0.01308,1.6,1.12
607,-0.013059999999999999,1.6,1.12
608,-0.01304,1.6,1.12
609,-0.013019999999999999,1.6,1.12
610,-0.013,1.6,1.12
611,-0.012979999999999998,1.6,1.12
612,-0.01296,1.6,1.12
613,-0.012939999999999998,1.6,1.12
614,-0.01292,1.6,1.12
615,-0.0129,1.6,1.12
616,-0.012879999999999999,1.62,1.12
617,-0.01286,1.62,1.1400000000000001
618,-0.012839999999999999,1.62,1.1400000000000001
619,-0.01282,1.62,1.1400000000000001
620,-0.012799999999999999,1.62,1.1400000000000001
621,-0.01278,1.62,1.1400000000000001
622,-0.012759999999999999,1.62,1.1400000000000001
623,-0.01274,1.62,1.1400000000000001
624,-0.012719999999999999,1.62,1.1400000000000001
625,-0.0127,1.62,1.1400000000000001
626,-0.012679999999999999,1.62,1.1400000000000001
627,-0.01266,1.62,1.1400000000000001
628,-0.012639999999999998,1.62,1.1400000000000001
629,-0.01262,1.62,1.1400000000000001
630,-0.012599999999999998,1.62,1.1400000000000001
631,-0.01258,1.62,1.1400000000000001
632,-0.01256,1.62,1.1400000000000001
633,-0.012539999999999999,1.62,1.1400000000000001
634,-0.01252,1.62,1.1400000000000001
635,-0.012499999999999999,1.62,1.1400000000000001
636,-0.01248,1.62,1.1400000000000001
637,-0.012459999999999999,1.62,1.1400000000000001
638,-0.01244,1.62,1.1400000000000001
639,-0.012419999999999999,1.62,1.1400000000000001
640,-0.0124,1.62,1.1400000000000001
641,-0.012379999999999999,1.62,1.1400000000000001
642,-0.01236,1.62,1.1400000000000001
643,-0.012339999999999999,1.62,1.1400000000000001
644,-0.01232,1.62,1.1400000000000001
645,-0.012299999999999998,1.62,1.1400000000000001
646,-0.01228,1.62,1.1400000000000001
647,-0.012259999999999998,1.62,1.1400000000000001
648,-0.01224,1.62,1.1400000000000001
649,-0.01222,1.62,1.1400000000000001
650,-0.012199999999999999,1.62,1.1400000000000001
651,-0.01218,1.62,1.1400000000000001
652,-0.012159999999999999,1.62,1.1400000000000001
653,-0.01214,1.62,1.1400000000000001
654,-0.012119999999999999,1.62,1.12
655,-0.0121,1.62,1.12
656,-0.012079999999999999,1.6,1.12
657,-0.01206,1.6,1.12
658,-0.012039999999999999,1.6,1.12
659,-0.01202,1.6,1.12
660,-0.011999999999999999,1.6,1.12
661,-0.01198,1.6,1.12
662,-0.011959999999999998,1.6,1.12
663,-0.01194,1.6,1.12
664,-0.011919999999999998,1.6,1.12
665,-0.011899999999999999,1.6,1.12
666,-0.01188,1.58,1.1
667,-0.011859999999999999,1.58,1.1
668,-0.01184,1.58,1.1
669,-0.011819999999999999,1.58,1.1
670,-0.0118,1.58,1.1
671,-0.011779999999999999,1.58,1.1
672,-0.01176,1.56,1.1
673,-0.011739999999999999,1.56,1.08
674,-0.01172,1.56,1.08
675,-0.011699999999999999,1.56,1.08
676,-0.01168,1.56,1.08
677,-0.011659999999999998,1.54,1.08
678,-0.01164,1.54,1.08
679,-0.011619999999999998,1.54,1.08
680,-0.0116,1.54,1.08
681,-0.011579999999999998,1.54,1.06
682,-0.011559999999999999,1.54,1.06
683,-0.01154,1.54,1.06
684,-0.011519999999999999,1.52,1.06
685,-0.0115,1.52,1.06
686,-0.011479999999999999,1.52,1.04
687,-0.01146,1.52,1.04
688,-0.011439999999999999,1.5,1.04
689,-0.01142,1.5,1.04
690,-0.011399999999999999,1.5,1.02
691,-0.01138,1.5,1.02
692,-0.011359999999999999,1.5,1.02
693,-0.01134,1.48,1.02
694,-0.011319999999999998,1.48,1.02
695,-0.0113,1.48,1.0
696,-0.011279999999999998,1.46,1.0
697,-0.01126,1.46,1.0
698,-0.011239999999999998,1.46,0.98
699,-0.011219999999999999,1.44,0.98
700,-0.0112,1.44,0.98
701,-0.011179999999999999,1.44,0.98
702,-0.01116,1.44,0.96
703,-0.011139999999999999,1.44,0.96
704,-0.01112,1.44,0.96
705,-0.011099999999999999,1.42,0.96
706,-0.01108,1.42,0.9400000000000001
707,-0.011059999999999999,1.42,0.9400000000000001
708,-0.01104,1.4000000000000001,0.9400000000000001
709,-0.011019999999999999,1.4000000000000001,0.9400000000000001
710,-0.011,1.4000000000000001,0.92
711,-0.010979999999999998,1.3800000000000001,0.92
712,-0.01096,1.3800000000000001,0.92
713,-0.010939999999999998,1.3800000000000001,0.9
714,-0.01092,1.36,0.9
715,-0.010899999999999998,1.36,0.9
716,-0.010879999999999999,1.36,0.9
717,-0.01086,1.36,0.88
718,-0.010839999999999999,1.34,0.88
719,-0.01082,1.34,0.88
720,-0.010799999999999999,1.34,0.86
721,-0.01078,1.32,0.86
722,-0.010759999999999999,1.32,0.86
723,-0.01074,1.32,0.84
724,-0.010719999999999999,1.3,0.84
725,-0.0107,1.3,0.84
726,-0.010679999999999999,1.3,0.8200000000000001
727,-0.01066,1.28,0.8200000000000001
728,-0.010639999999999998,1.28,0.8
729,-0.01062,1.26,0.8
730,-0.010599999999999998,1.26,0.8
731,-0.010579999999999999,1.26,0.8
732,-0.010559999999999998,1.24,0.78
733,-0.010539999999999999,1.24,0.78
734,-0.01052,1.22,0.76
735,-0.010499999999999999,1.22,0.76
736,-0.01048,1.22,0.74
737,-0.010459999999999999,1.2,0.74
738,-0.01044,1.2,0.74
739,-0.010419999999999999,1.2,0.74
740,-0.0104,1.18,0.72
741,-0.010379999999999999,1.18,0.72
742,-0.01036,1.16,0.72
743,-0.010339999999999998,1.16,0.7000000000000001
744,-0.01032,1.1400000000000001,0.7000000000000001
745,-0.010299999999999998,1.1400000000000001,0.68
746,-0.01028,1.12,0.68
747,-0.010259999999999998,1.12,0.66
748,-0.010239999999999999,1.12,0.66
749,-0.010219999999999998,1.12,0.66
750,-0.010199999999999999,1.1,0.64
751,-0.01018,1.1,0.64
752,-0.010159999999999999,1.08,0.62
753,-0.01014,1.08,0.62
754,-0.010119999999999999,1.06,0.62
755,-0.0101,1.06,0.6
756,-0.010079999999999999,1.04,0.6
757,-0.01006,1.04,0.58
758,-0.010039999999999999,1.02,0.58
759,-0.01002,1.02,0.56
760,-0.009999999999999998,1.02,0.56
761,-0.00998,1.0,0.56
762,-0.009959999999999998,0.98,0.54
763,-0.00994,0.98,0.54
764,-0.009919999999999998,0.96,0.52
765,-0.009899999999999999,0.96,0.52
766,-0.009879999999999998,0.96,0.5
767,-0.009859999999999999,0.9400000000000001,0.5
768,-0.009839999999999998,0.9400000000000001,0.48
769,-0.009819999999999999,0.92,0.48
770,-0.0098,0.92,0.48
771,-0.009779999999999999,0.9,0.46
772,-0.00976,0.9,0.46
773,-0.009739999999999999,0.88,0.44
774,-0.00972,0.88,0.44
775,-0.009699999999999999,0.86,0.42
776,-0.00968,0.86,0.42
777,-0.009659999999999998,0.84,0.4
778,-0.00964,0.84,0.4
779,-0.009619999999999998,0.8200000000000001,0.4
780,-0.0096,0.8200000000000001,0.38
781,-0.009579999999999998,0.8,0.38
782,-0.009559999999999999,0.8,0.36
783,-0.00954,0.78,0.36
784,-0.009519999999999997,0.78,0.34
785,-0.009499999999999998,0.76,0.34
786,-0.009479999999999999,0.76,0.34
787,-0.00946,0.74,0.32
788,-0.00944,0.74,0.3
789,-0.009419999999999998,0.72,0.3
790,-0.009399999999999999,0.72,0.28
791,-0.00938,0.7000000000000001,0.28
792,-0.00936,0.7000000000000001,0.28
793,-0.009339999999999998,0.68,0.26
794,-0.009319999999999998,0.68,0.26
795,-0.0093,0.66,0.24
796,-0.00928,0.66,0.24
797,-0.009259999999999997,0.64,0.22
798,-0.009239999999999998,0.64,0.22
799,-0.009219999999999999,0.62,0.2
800,-0.0092,0.6,0.2
801,-0.009179999999999997,0.6,0.18
802,-0.009159999999999998,0.58,0.18
803,-0.009139999999999999,0.58,0.16
804,-0.00912,0.56,0.16
805,-0.0091,0.56,0.16
806,-0.009079999999999998,0.54,0.14
807,-0.009059999999999999,0.54,0.14
808,-0.00904,0.52,0.12
809,-0.00902,0.52,0.12
810,-0.008999999999999998,0.5,0.12
811,-0.008979999999999998,0.48,0.1
812,-0.00896,0.48,0.1
813,-0.00894,0.46,0.08
814,-0.008919999999999997,0.46,0.08
815,-0.008899999999999998,0.44,0.06
816,-0.008879999999999999,0.44,0.06
817,-0.00886,0.42,0.06
818,-0.008839999999999997,0.42,0.06
819,-0.008819999999999998,0.4,0.04
820,-0.008799999999999999,0.4,0.04
821,-0.00878,0.38,0.04
822,-0.00876,0.38,0.02
823,-0.008739999999999998,0.36,0.02
824,-0.008719999999999999,0.34,0.02
825,-0.0087,0.34,0.02
826,-0.00868,0.32,0.02
827,-0.008659999999999998,0.32,0.02
828,-0.008639999999999998,0.3,0.0
829,-0.00862,0.3,0.0
830,-0.0086,0.28,0.0
831,-0.008579999999999997,0.26,0.0
832,-0.008559999999999998,0.26,0.0
833,-0.008539999999999999,0.24,0.0
834,-0.00852,0.24,0.0
835,-0.008499999999999997,0.22,0.0
836,-0.008479999999999998,0.22,0.0
837,-0.008459999999999999,0.2,0.0
838,-0.00844,0.18,0.0
839,-0.00842,0.18,0.0
840,-0.008399999999999998,0.16,0.0
841,-0.008379999999999999,0.16,0.0
842,-0.00836,0.14,0.0
843,-0.00834,0.14,0.0
844,-0.008319999999999998,0.12,0.0
845,-0.008299999999999998,0.1,0.0
846,-0.00828,0.1,0.0
847,-0.00826,0.08,0.0
848,-0.008239999999999997,0.08,0.0
849,-0.008219999999999998,0.06,0.0
850,-0.008199999999999999,0.06,0.0
851,-0.00818,0.04,0.0
852,-0.008159999999999997,0.04,0.0
853,-0.008139999999999998,0.02,0.0
854,-0.008119999999999999,0.0,0.0
855,-0.0081,0.0,0.0
856,-0.00808,-0.02,0.0
857,-0.008059999999999998,-0.02,0.0
858,-0.008039999999999999,-0.04,0.0
859,-0.00802,-0.04,0.0
860,-0.008,-0.06,0.0
861,-0.007979999999999998,-0.08,0.0
862,-0.007959999999999998,-0.08,0.0
863,-0.00794,-0.1,0.0
864,-0.00792,-0.1,0.0
865,-0.007899999999999997,-0.12,0.0
866,-0.007879999999999998,-0.14,0.0
867,-0.007859999999999999,-0.14,0.0
868,-0.00784,-0.16,0.0
869,-0.007819999999999997,-0.16,0.0
870,-0.007799999999999998,-0.18,0.0
871,-0.007779999999999999,-0.18,0.0
872,-0.0077599999999999995,-0.2,0.0
873,-0.00774,-0.22,0.0
874,-0.007719999999999998,-0.22,0.0
875,-0.0076999999999999985,-0.24,0.0
876,-0.007679999999999999,-0.24,0.0
877,-0.00766,-0.26,0.0
878,-0.0076399999999999975,-0.26,0.0
879,-0.007619999999999998,-0.28,0.0
880,-0.007599999999999999,-0.28,0.0
881,-0.00758,-0.3,0.0
882,-0.007559999999999997,-0.3,0.0
883,-0.007539999999999998,-0.32,0.0
884,-0.007519999999999999,-0.32,0.0
885,-0.0075,-0.34,0.0
886,-0.007479999999999997,-0.36,0.0
887,-0.007459999999999998,-0.36,0.0
888,-0.007439999999999999,-0.38,0.0
889,-0.0074199999999999995,-0.38,0.0
890,-0.0074,-0.4,0.0
891,-0.007379999999999998,-0.4,0.0
892,-0.0073599999999999985,-0.42,0.0
893,-0.007339999999999999,-0.42,0.0
894,-0.00732,-0.44,0.0
895,-0.0072999999999999975,-0.44,0.0
896,-0.007279999999999998,-0.46,0.0
897,-0.007259999999999999,-0.48,0.0
898,-0.00724,-0.48,0.0
899,-0.007219999999999997,-0.48,0.0
900,-0.007199999999999998,-0.5,0.0
901,-0.007179999999999999,-0.52,0.0
902,-0.00716,-0.52,0.0
903,-0.007139999999999997,-0.54,0.0
904,-0.007119999999999998,-0.54,0.0
905,-0.007099999999999999,-0.56,0.0
906,-0.0070799999999999995,-0.56,0.0
907,-0.00706,-0.58,0.0
908,-0.007039999999999998,-0.58,0.0
909,-0.0070199999999999985,-0.6,0.0
910,-0.006999999999999999,-0.6,0.0
911,-0.00698,-0.62,0.0
912,-0.0069599999999999974,-0.62,0.0
913,-0.006939999999999998,-0.62,0.0
914,-0.006919999999999999,-0.64,0.0
915,-0.0069,-0.66,0.0
916,-0.006879999999999997,-0.66,0.0
917,-0.006859999999999998,-0.66,0.0
918,-0.006839999999999999,-0.68,0.0
919,-0.00682,-0.68,0.0
920,-0.006799999999999997,-0.7000000000000001,0.0
921,-0.006779999999999998,-0.7000000000000001,0.0
922,-0.006759999999999999,-0.72,0.0
923,-0.0067399999999999995,-0.72,0.0
924,-0.00672,-0.74,0.0
925,-0.006699999999999998,-0.74,0.0
926,-0.0066799999999999984,-0.76,0.0
927,-0.006659999999999999,-0.76,0.0
928,-0.00664,-0.78,0.0
929,-0.006619999999999997,-0.78,0.0
930,-0.006599999999999998,-0.8,0.0
931,-0.006579999999999999,-0.8,0.0
932,-0.00656,-0.8,0.0
933,-0.006539999999999997,-0.8200000000000001,0.0
934,-0.006519999999999998,-0.8200000000000001,0.0
935,-0.006499999999999999,-0.84,0.0
936,-0.00648,-0.84,0.0
937,-0.006459999999999997,-0.86,0.0
938,-0.006439999999999998,-0.86,0.0
939,-0.006419999999999999,-0.86,0.0
940,-0.0063999999999999994,-0.88,0.0
941,-0.00638,-0.9,0.0
942,-0.006359999999999998,-0.9,0.0
943,-0.006339999999999998,-0.9,0.0
944,-0.006319999999999999,-0.92,0.0
945,-0.0063,-0.92,0.0
946,-0.006279999999999997,-0.9400000000000001,0.0
947,-0.006259999999999998,-0.9400000000000001,0.0
948,-0.006239999999999999,-0.9400000000000001,0.0
949,-0.00622,-0.96,0.0
950,-0.006199999999999997,-0.96,0.0
951,-0.006179999999999998,-0.96,0.0
952,-0.006159999999999999,-0.98,0.0
953,-0.00614,-0.98,0.0
954,-0.006119999999999997,-0.98,0.0
955,-0.006099999999999998,-1.0,0.0
956,-0.006079999999999999,-1.0,0.0
957,-0.006059999999999999,-1.0,0.0
958,-0.00604,-1.02,0.0
959,-0.006019999999999998,-1.02,0.0
960,-0.005999999999999998,-1.04,0.0
961,-0.005979999999999999,-1.04,0.0
962,-0.00596,-1.04,0.0
963,-0.005939999999999997,-1.06,0.0
964,-0.005919999999999998,-1.06,0.0
965,-0.005899999999999999,-1.08,0.0
966,-0.00588,-1.08,0.0
967,-0.005859999999999997,-1.08,0.0
968,-0.005839999999999998,-1.1,0.0
969,-0.005819999999999999,-1.1,0.0
970,-0.0058,-1.1,0.0
971,-0.005779999999999997,-1.12,0.0
972,-0.005759999999999998,-1.12,0.0
973,-0.005739999999999999,-1.12,0.0
974,-0.005719999999999999,-1.1400000000000001,0.0
975,-0.0057,-1.1400000000000001,0.0
976,-0.0056799999999999976,-1.1400000000000001,0.0
977,-0.005659999999999998,-1.1400000000000001,0.0
978,-0.005639999999999999,-1.16,0.0
979,-0.00562,-1.16,0.0
980,-0.005599999999999997,-1.16,0.0
981,-0.005579999999999998,-1.18,0.0
982,-0.005559999999999999,-1.18,0.0
983,-0.00554,-1.18,0.0
984,-0.005519999999999997,-1.2,0.0
985,-0.005499999999999998,-1.2,0.0
986,-0.005479999999999999,-1.2,0.0
987,-0.00546,-1.2,0.0
988,-0.005439999999999997,-1.22,0.0
989,-0.005419999999999998,-1.22,0.0
990,-0.0053999999999999986,-1.22,0.0
991,-0.005379999999999999,-1.22,0.0
992,-0.00536,-1.24,0.0
993,-0.0053399999999999975,-1.24,0.0
994,-0.005319999999999998,-1.24,0.0
995,-0.005299999999999999,-1.24,0.0
996,-0.00528,-1.24,0.0
997,-0.005259999999999997,-1.26,0.0
998,-0.005239999999999998,-1.26,0.0
999,-0.005219999999999999,-1.26,0.0
1000,-0.0052,-1.26,0.0
1001,-0.005179999999999997,-1.28,0.0
1002,-0.005159999999999998,-1.28,0.0
1003,-0.005139999999999999,-1.28,0.0
1004,-0.0051199999999999996,-1.28,0.0
1005,-0.005099999999999997,-1.28,0.0
1006,-0.005079999999999998,-1.28,0.0
1007,-0.0050599999999999985,-1.3,0.0
1008,-0.005039999999999999,-1.3,0.0
1009,-0.00502,-1.3,0.0
1010,-0.0049999999999999975,-1.3,0.0
1011,-0.004979999999999998,-1.3,0.0
1012,-0.004959999999999999,-1.3,0.0
1013,-0.00494,-1.32,0.0
1014,-0.004919999999999997,-1.32,0.0
1015,-0.004899999999999998,-1.32,0.0
1016,-0.004879999999999999,-1.32,0.0
1017,-0.00486,-1.32,0.0
1018,-0.004839999999999997,-1.32,0.0
1019,-0.004819999999999998,-1.34,0.0
1020,-0.004799999999999999,-1.34,0.0
1021,-0.0047799999999999995,-1.34,0.0
1022,-0.004759999999999997,-1.34,0.0
1023,-0.004739999999999998,-1.34,0.0
1024,-0.0047199999999999985,-1.34,0.0
1025,-0.004699999999999999,-1.34,0.0
1026,-0.00468,-1.34,0.0
1027,-0.0046599999999999975,-1.36,0.0
1028,-0.004639999999999998,-1.36,0.0
1029,-0.004619999999999999,-1.36,0.0
1030,-0.0046,-1.36,0.0
1031,-0.004579999999999997,-1.36,0.0
1032,-0.004559999999999998,-1.36,0.0
1033,-0.004539999999999999,-1.36,0.0
1034,-0.00452,-1.36,0.0
1035,-0.004499999999999997,-1.36,0.0
1036,-0.004479999999999998,-1.36,0.0
1037,-0.004459999999999999,-1.36,0.0
1038,-0.0044399999999999995,-1.3800000000000001,0.0
1039,-0.004419999999999997,-1.3800000000000001,0.0
1040,-0.004399999999999998,-1.3800000000000001,0.0
1041,-0.0043799999999999985,-1.3800000000000001,0.0
1042,-0.004359999999999999,-1.3800000000000001,0.0
1043,-0.00434,-1.3800000000000001,0.0
1044,-0.0043199999999999975,-1.3800000000000001,0.0
1045,-0.004299999999999998,-1.3800000000000001,0.0
1046,-0.004279999999999999,-1.3800000000000001,0.0
1047,-0.00426,-1.3800000000000001,0.0
1048,-0.004239999999999997,-1.3800000000000001,0.0
1049,-0.004219999999999998,-1.3800000000000001,0.0
1050,-0.004199999999999999,-1.3800000000000001,0.0
1051,-0.00418,-1.3800000000000001,0.0
1052,-0.004159999999999997,-1.3800000000000001,0.0
1053,-0.004139999999999998,-1.3800000000000001,0.0
1054,-0.004119999999999999,-1.3800000000000001,0.0
1055,-0.0040999999999999995,-1.3800000000000001,0.0
1056,-0.004079999999999997,-1.3800000000000001,0.0
1057,-0.004059999999999998,-1.3800000000000001,0.0
1058,-0.0040399999999999985,-1.3800000000000001,0.0
1059,-0.004019999999999999,-1.3800000000000001,0.0
1060,-0.004,-1.3800000000000001,0.0
1061,-0.003979999999999997,-1.3800000000000001,0.0
1062,-0.003959999999999998,-1.3800000000000001,0.0
1063,-0.003939999999999999,-1.3800000000000001,0.0
1064,-0.00392,-1.3800000000000001,0.0
1065,-0.0038999999999999972,-1.36,0.0
1066,-0.003879999999999998,-1.36,0.0
1067,-0.003859999999999999,-1.36,0.0
1068,-0.0038399999999999997,-1.36,0.0
1069,-0.003819999999999997,-1.36,0.0
1070,-0.003799999999999998,-1.36,0.0
1071,-0.0037799999999999986,-1.36,0.0
1072,-0.0037599999999999995,-1.36,0.0
1073,-0.003739999999999997,-1.36,0.0
1074,-0.0037199999999999976,-1.36,0.0
1075,-0.0036999999999999984,-1.36,0.0
1076,-0.0036799999999999992,-1.36,0.0
1077,-0.00366,-1.34,0.0
1078,-0.0036399999999999974,-1.34,0.0
1079,-0.0036199999999999982,-1.34,0.0
1080,-0.003599999999999999,-1.34,0.0
1081,-0.00358,-1.34,0.0
1082,-0.003559999999999997,-1.34,0.0
1083,-0.003539999999999998,-1.34,0.0
1084,-0.003519999999999999,-1.34,0.0
1085,-0.0034999999999999996,-1.34,0.0
1086,-0.003479999999999997,-1.32,0.0
1087,-0.003459999999999998,-1.32,0.0
1088,-0.0034399999999999986,-1.32,0.0
1089,-0.0034199999999999994,-1.32,0.0
1090,-0.0033999999999999968,-1.32,0.0
1091,-0.0033799999999999976,-1.32,0.0
1092,-0.0033599999999999984,-1.3,0.0
1093,-0.0033399999999999992,-1.3,0.0
1094,-0.00332,-1.3,0.0
1095,-0.0032999999999999974,-1.3,0.0
1096,-0.003279999999999998,-1.3,0.0
1097,-0.003259999999999999,-1.3,0.0
1098,-0.00324,-1.28,0.0
1099,-0.003219999999999997,-1.28,0.0
1100,-0.003199999999999998,-1.28,0.0
1101,-0.003179999999999999,-1.28,0.0
1102,-0.0031599999999999996,-1.28,0.0
1103,-0.003139999999999997,-1.26,0.0
1104,-0.0031199999999999978,-1.26,0.0
1105,-0.0030999999999999986,-1.26,0.0
1106,-0.0030799999999999994,-1.26,0.0
1107,-0.0030599999999999968,-1.24,0.0
1108,-0.0030399999999999976,-1.24,0.0
1109,-0.0030199999999999984,-1.24,0.0
1110,-0.002999999999999999,-1.24,0.0
1111,-0.00298,-1.24,0.0
1112,-0.0029599999999999974,-1.22,0.0
1113,-0.002939999999999998,-1.22,0.0
1114,-0.002919999999999999,-1.22,0.0
1115,-0.0029,-1.2,0.0
1116,-0.002879999999999997,-1.2,0.0
1117,-0.002859999999999998,-1.2,0.0
1118,-0.0028399999999999988,-1.2,0.0
1119,-0.0028199999999999996,-1.2,0.0
1120,-0.002799999999999997,-1.18,0.0
1121,-0.0027799999999999978,-1.18,0.0
1122,-0.0027599999999999986,-1.18,0.0
1123,-0.0027399999999999994,-1.16,0.0
1124,-0.0027199999999999967,-1.16,0.0
1125,-0.0026999999999999975,-1.16,0.0
1126,-0.0026799999999999984,-1.1400000000000001,0.0
1127,-0.002659999999999999,-1.1400000000000001,0.0
1128,-0.00264,-1.1400000000000001,0.0
1129,-0.0026199999999999973,-1.1400000000000001,0.0
1130,-0.002599999999999998,-1.12,0.0
1131,-0.002579999999999999,-1.12,0.0
1132,-0.0025599999999999998,-1.12,0.0
1133,-0.002539999999999997,-1.1,0.0
1134,-0.002519999999999998,-1.1,0.0
1135,-0.0024999999999999988,-1.1,0.0
1136,-0.0024799999999999996,-1.1,0.0
1137,-0.002459999999999997,-1.08,0.0
1138,-0.0024399999999999977,-1.08,0.0
1139,-0.0024199999999999985,-1.06,0.0
1140,-0.0023999999999999994,-1.06,0.0
1141,-0.0023799999999999967,-1.06,0.0
1142,-0.0023599999999999975,-1.04,0.0
1143,-0.0023399999999999983,-1.04,0.0
1144,-0.002319999999999999,-1.04,0.0
1145,-0.0023,-1.02,0.0
1146,-0.0022799999999999973,-1.02,0.0
1147,-0.002259999999999998,-1.0,0.0
1148,-0.002239999999999999,-1.0,0.0
1149,-0.0022199999999999998,-1.0,0.0
1150,-0.002199999999999997,-0.98,0.0
1151,-0.002179999999999998,-0.98,0.0
1152,-0.0021599999999999987,-0.96,0.0
1153,-0.0021399999999999995,-0.96,0.0
1154,-0.002119999999999997,-0.96,0.0
1155,-0.0020999999999999977,-0.96,0.0
1156,-0.0020799999999999985,-0.9400000000000001,0.0
1157,-0.0020599999999999993,-0.9400000000000001,0.0
1158,-0.0020399999999999967,-0.92,0.0
1159,-0.0020199999999999975,-0.92,0.0
1160,-0.0019999999999999983,-0.9,0.0
1161,-0.001979999999999999,-0.9,0.0
1162,-0.00196,-0.9,0.0
1163,-0.0019399999999999973,-0.88,0.0
1164,-0.001919999999999998,-0.88,0.0
1165,-0.001899999999999999,-0.86,0.0
1166,-0.0018799999999999997,-0.86,0.0
1167,-0.001859999999999997,-0.86,0.0
1168,-0.0018399999999999979,-0.84,0.0
1169,-0.0018199999999999987,-0.84,0.0
1170,-0.0017999999999999995,-0.8200000000000001,0.0
1171,-0.0017799999999999969,-0.8,0.0
1172,-0.0017599999999999977,-0.8,0.0
1173,-0.0017399999999999985,-0.8,0.0
1174,-0.0017199999999999993,-0.78,0.0
1175,-0.0016999999999999967,-0.78,0.0
1176,-0.0016799999999999975,-0.76,0.0
1177,-0.0016599999999999983,-0.76,0.0
1178,-0.001639999999999999,-0.76,0.0
1179,-0.00162,-0.74,0.0
1180,-0.0015999999999999973,-0.74,0.0
1181,-0.001579999999999998,-0.72,0.0
1182,-0.0015599999999999989,-0.72,0.0
1183,-0.0015399999999999997,-0.7000000000000001,0.0
1184,-0.001519999999999997,-0.7000000000000001,0.0
1185,-0.0014999999999999979,-0.68,0.0
1186,-0.0014799999999999987,-0.68,0.0
1187,-0.0014599999999999995,-0.66,0.0
1188,-0.0014399999999999968,-0.66,0.0
1189,-0.0014199999999999977,-0.64,0.0
1190,-0.0013999999999999985,-0.64,0.0
1191,-0.0013799999999999993,-0.62,0.0
1192,-0.0013599999999999966,-0.62,0.0
1193,-0.0013399999999999974,-0.62,0.0
1194,-0.0013199999999999983,-0.6,0.0
1195,-0.001299999999999999,-0.58,0.0
1196,-0.0012799999999999999,-0.58,0.0
1197,-0.0012599999999999972,-0.56,0.0
1198,-0.001239999999999998,-0.56,0.0
1199,-0.0012199999999999989,-0.54,0.0
1200,-0.0011999999999999997,-0.54,0.0
1201,-0.001179999999999997,-0.52,0.0
1202,-0.0011599999999999978,-0.52,0.0
1203,-0.0011399999999999987,-0.5,0.0
1204,-0.0011199999999999995,-0.5,0.0
1205,-0.0010999999999999968,-0.48,0.0
1206,-0.0010799999999999976,-0.48,0.0
1207,-0.0010599999999999984,-0.46,0.0
1208,-0.0010399999999999993,-0.46,0.0
1209,-0.0010199999999999966,-0.44,0.0
1210,-0.0009999999999999974,-0.44,0.0
1211,-0.0009799999999999982,-0.42,0.0
1212,-0.000959999999999999,-0.42,0.0
1213,-0.0009399999999999999,-0.4,0.0
1214,-0.0009199999999999972,-0.4,0.0
1215,-0.000899999999999998,-0.38,0.0
1216,-0.0008799999999999988,-0.38,0.0
1217,-0.0008599999999999997,-0.36,0.0
1218,-0.000839999999999997,-0.34,0.0
1219,-0.0008199999999999978,-0.34,0.0
1220,-0.0007999999999999986,-0.32,0.0
1221,-0.0007799999999999994,-0.32,0.0
1222,-0.0007599999999999968,-0.3,0.0
1223,-0.0007399999999999976,-0.3,0.0
1224,-0.0007199999999999984,-0.28,0.0
1225,-0.0006999999999999992,-0.28,0.0
1226,-0.0006799999999999966,-0.26,0.0
1227,-0.0006599999999999974,-0.26,0.0
1228,-0.0006399999999999982,-0.24,0.0
1229,-0.000619999999999999,-0.24,0.0
1230,-0.0005999999999999998,-0.22,0.0
1231,-0.0005799999999999972,-0.2,0.0
1232,-0.000559999999999998,-0.2,0.0
1233,-0.0005399999999999988,-0.18,0.0
1234,-0.0005199999999999996,-0.18,0.0
1235,-0.000499999999999997,-0.16,0.0
1236,-0.0004799999999999978,-0.14,0.0
1237,-0.0004599999999999986,-0.14,0.0
1238,-0.0004399999999999994,-0.12,0.0
1239,-0.00041999999999999676,-0.12,0.0
1240,-0.0003999999999999976,-0.1,0.0
1241,-0.0003799999999999984,-0.08,0.0
1242,-0.0003599999999999992,-0.08,0.0
1243,-0.00033999999999999655,-0.06,0.0
1244,-0.00031999999999999737,-0.06,0.0
1245,-0.0002999999999999982,-0.04,0.0
1246,-0.000279999999999999,-0.04,0.0
1247,-0.0002599999999999998,-0.02,0.0
1248,-0.00023999999999999716,0.0,0.0
1249,-0.00021999999999999797,0.0,0.0
1250,-0.0001999999999999988,0.02,0.0
1251,-0.0001799999999999996,0.02,0.0
1252,-0.00015999999999999695,0.04,0.0
1253,-0.00013999999999999777,0.06,0.0
1254,-0.00011999999999999858,0.06,0.0
1255,-9.99999999999994e-05,0.06,0.0
1256,-7.999999999999674e-05,0.08,0.0
1257,-5.9999999999997555e-05,0.1,0.0
1258,-3.999999999999837e-05,0.1,0.0
1259,-1.9999999999999185e-05,0.12,0.0
1260,3.469446951953614e-18,0.12,0.0
1261,2.0000000000002655e-05,0.14,0.0
1262,4.000000000000184e-05,0.14,0.0
1263,6.0000000000001025e-05,0.16,0.0
1264,8.000000000000021e-05,0.18,0.0
1265,0.00010000000000000286,0.18,0.0
1266,0.00012000000000000205,0.2,0.0
1267,0.00014000000000000123,0.2,0.0
1268,0.00016000000000000042,0.22,0.0
1269,0.00018000000000000307,0.24,0.0
1270,0.00020000000000000226,0.24,0.0
1271,0.00022000000000000144,0.24,0.0
1272,0.00024000000000000063,0.26,0.0
1273,0.0002600000000000033,0.28,0.0
1274,0.00028000000000000247,0.28,0.0
1275,0.00030000000000000165,0.3,0.0
1276,0.00032000000000000084,0.3,0.02
1277,0.0003400000000000035,0.32,0.02
1278,0.0003600000000000027,0.34,0.02
1279,0.00038000000000000186,0.34,0.02
1280,0.00040000000000000105,0.36,0.02
1281,0.00042000000000000023,0.36,0.02
1282,0.0004400000000000029,0.38,0.02
1283,0.0004600000000000021,0.4,0.04
1284,0.00048000000000000126,0.4,0.04
1285,0.0005000000000000004,0.42,0.04
1286,0.0005200000000000031,0.42,0.06
1287,0.0005400000000000023,0.44,0.06
1288,0.0005600000000000015,0.44,0.06
1289,0.0005800000000000007,0.44,0.08
1290,0.0006000000000000033,0.46,0.08
1291,0.0006200000000000025,0.48,0.1
1292,0.0006400000000000017,0.48,0.1
1293,0.0006600000000000009,0.5,0.1
1294,0.0006800000000000035,0.5,0.12
1295,0.0007000000000000027,0.52,0.12
1296,0.0007200000000000019,0.54,0.14
1297,0.0007400000000000011,0.54,0.14
1298,0.0007600000000000003,0.56,0.14
1299,0.0007800000000000029,0.56,0.16
1300,0.0008000000000000021,0.58,0.16
1301,0.0008200000000000013,0.58,0.18
1302,0.0008400000000000005,0.6,0.18
1303,0.0008600000000000031,0.6,0.2
1304,0.0008800000000000023,0.62,0.2
1305,0.0009000000000000015,0.62,0.22
1306,0.0009200000000000007,0.64,0.22
1307,0.0009400000000000033,0.64,0.22
1308,0.0009600000000000025,0.66,0.24
1309,0.0009800000000000017,0.66,0.24
1310,0.0010000000000000009,0.68,0.26
1311,0.0010200000000000035,0.68,0.26
1312,0.0010400000000000027,0.7000000000000001,0.28
1313,0.001060000000000002,0.72,0.28
1314,0.001080000000000001,0.72,0.3
1315,0.0011000000000000003,0.72,0.3
1316,0.001120000000000003,0.74,0.32
1317,0.0011400000000000021,0.76,0.32
1318,0.0011600000000000013,0.76,0.34
1319,0.0011800000000000005,0.78,0.34
1320,0.0012000000000000031,0.78,0.34
1321,0.0012200000000000023,0.78,0.36
1322,0.0012400000000000015,0.8,0.38
1323,0.0012600000000000007,0.8,0.38
1324,0.0012800000000000034,0.8200000000000001,0.38
1325,0.0013000000000000025,0.8200000000000001,0.4
1326,0.0013200000000000017,0.84,0.4
1327,0.001340000000000001,0.86,0.4
1328,0.0013600000000000036,0.86,0.42
1329,0.0013800000000000028,0.88,0.44
1330,0.001400000000000002,0.88,0.44
1331,0.0014200000000000011,0.9,0.46
1332,0.0014400000000000003,0.9,0.46
1333,0.001460000000000003,0.92,0.46
1334,0.0014800000000000021,0.92,0.48
1335,0.0015000000000000013,0.9400000000000001,0.48
1336,0.0015200000000000005,0.9400000000000001,0.5
1337,0.0015400000000000032,0.9400000000000001,0.5
1338,0.0015600000000000024,0.96,0.5
1339,0.0015800000000000015,0.96,0.52
1340,0.0016000000000000007,0.98,0.52
1341,0.0016200000000000034,0.98,0.54
1342,0.0016400000000000026,1.0,0.54
1343,0.0016600000000000018,1.0,0.56
1344,0.001680000000000001,1.02,0.56
1345,0.0017000000000000036,1.02,0.56
1346,0.0017200000000000028,1.04,0.58
1347,0.001740000000000002,1.04,0.58
1348,0.0017600000000000011,1.06,0.6
1349,0.0017800000000000003,1.06,0.6
1350,0.001800000000000003,1.06,0.62
1351,0.0018200000000000022,1.08,0.62
1352,0.0018400000000000014,1.08,0.62
1353,0.0018600000000000005,1.1,0.64
1354,0.0018800000000000032,1.1,0.64
1355,0.0019000000000000024,1.12,0.66
1356,0.0019200000000000016,1.12,0.66
1357,0.0019400000000000008,1.12,0.68
1358,0.0019600000000000034,1.1400000000000001,0.68
1359,0.0019800000000000026,1.1400000000000001,0.68
1360,0.0020000000000000018,1.16,0.7000000000000001
1361,0.002020000000000001,1.16,0.7000000000000001
1362,0.0020400000000000036,1.16,0.72
1363,0.002060000000000003,1.18,0.72
1364,0.002080000000000002,1.18,0.72
1365,0.002100000000000001,1.2,0.74
1366,0.0021200000000000004,1.2,0.74
1367,0.002140000000000003,1.2,0.74
1368,0.002160000000000002,1.22,0.76
1369,0.0021800000000000014,1.22,0.76
1370,0.0022000000000000006,1.24,0.76
1371,0.0022200000000000032,1.24,0.78
1372,0.0022400000000000024,1.24,0.78
1373,0.0022600000000000016,1.26,0.8
1374,0.0022800000000000008,1.26,0.8
1375,0.0023000000000000034,1.28,0.8
1376,0.0023200000000000026,1.28,0.8200000000000001
1377,0.002340000000000002,1.28,0.8200000000000001
1378,0.002360000000000001,1.3,0.84
1379,0.0023800000000000036,1.3,0.84
1380,0.002400000000000003,1.3,0.84
1381,0.002420000000000002,1.32,0.84
1382,0.002440000000000001,1.32,0.86
1383,0.0024600000000000004,1.32,0.86
1384,0.002480000000000003,1.34,0.88
1385,0.0025000000000000022,1.34,0.88
1386,0.0025200000000000014,1.36,0.88
1387,0.0025400000000000006,1.36,0.88
1388,0.0025600000000000032,1.36,0.9
1389,0.0025800000000000024,1.36,0.9
1390,0.0026000000000000016,1.3800000000000001,0.9
1391,0.002620000000000001,1.3800000000000001,0.9
1392,0.0026400000000000035,1.3800000000000001,0.92
1393,0.0026600000000000026,1.4000000000000001,0.92
1394,0.002680000000000002,1.4000000000000001,0.92
1395,0.002700000000000001,1.4000000000000001,0.9400000000000001
1396,0.0027200000000000037,1.4000000000000001,0.9400000000000001
1397,0.002740000000000003,1.42,0.9400000000000001
1398,0.002760000000000002,1.42,0.96
1399,0.0027800000000000012,1.42,0.96
1400,0.0028000000000000004,1.44,0.96
1401,0.002820000000000003,1.44,0.96
1402,0.0028400000000000022,1.44,0.96
1403,0.0028600000000000014,1.44,0.98
1404,0.0028800000000000006,1.44,0.98
1405,0.0029000000000000033,1.46,0.98
1406,0.0029200000000000025,1.46,1.0
1407,0.0029400000000000016,1.46,1.0
1408,0.002960000000000001,1.46,1.0
1409,0.0029800000000000035,1.48,1.0
1410,0.0030000000000000027,1.48,1.02
1411,0.003020000000000002,1.48,1.02
1412,0.003040000000000001,1.5,1.02
1413,0.0030600000000000037,1.5,1.02
1414,0.003080000000000003,1.5,1.02
1415,0.003100000000000002,1.5,1.04
1416,0.0031200000000000012,1.5,1.04
1417,0.0031400000000000004,1.52,1.04
1418,0.003160000000000003,1.52,1.04
1419,0.0031800000000000023,1.52,1.06
1420,0.0032000000000000015,1.52,1.06
1421,0.0032200000000000006,1.54,1.06
1422,0.0032400000000000033,1.54,1.06
1423,0.0032600000000000025,1.54,1.08
1424,0.0032800000000000017,1.54,1.08
1425,0.003300000000000001,1.54,1.08
1426,0.0033200000000000035,1.54,1.08
1427,0.0033400000000000027,1.56,1.08
1428,0.003360000000000002,1.56,1.08
1429,0.003380000000000001,1.56,1.08
1430,0.0034000000000000037,1.56,1.08
1431,0.003420000000000003,1.56,1.1
1432,0.003440000000000002,1.56,1.1
1433,0.0034600000000000013,1.58,1.1
1434,0.0034800000000000005,1.58,1.1
1435,0.003500000000000003,1.58,1.1
1436,0.0035200000000000023,1.58,1.1
1437,0.0035400000000000015,1.58,1.1
1438,0.0035600000000000007,1.6,1.1
1439,0.0035800000000000033,1.6,1.12
1440,0.0036000000000000025,1.6,1.12
1441,0.0036200000000000017,1.6,1.12
1442,0.003640000000000001,1.6,1.12
1443,0.0036600000000000035,1.6,1.12
1444,0.0036800000000000027,1.6,1.12
1445,0.003700000000000002,1.6,1.12
1446,0.003720000000000001,1.6,1.12
1447,0.0037400000000000037,1.6,1.12
1448,0.003760000000000003,1.6,1.12
1449,0.003780000000000002,1.62,1.12
1450,0.0038000000000000013,1.62,1.1400000000000001
1451,0.0038200000000000005,1.62,1.1400000000000001
1452,0.003840000000000003,1.62,1.1400000000000001
1453,0.0038600000000000023,1.62,1.1400000000000001
1454,0.0038800000000000015,1.62,1.1400000000000001
1455,0.0039000000000000007,1.62,1.1400000000000001
1456,0.003920000000000003,1.62,1.1400000000000001
1457,0.0039400000000000025,1.62,1.1400000000000001
1458,0.003960000000000002,1.62,1.1400000000000001
1459,0.003980000000000001,1.62,1.1400000000000001
1460,0.0040000000000000036,1.62,1.1400000000000001
1461,0.004020000000000003,1.62,1.1400000000000001
1462,0.004040000000000002,1.62,1.1400000000000001
1463,0.004060000000000001,1.62,1.1400000000000001
1464,0.004080000000000004,1.62,1.1400000000000001
1465,0.004100000000000003,1.62,1.1400000000000001
1466,0.004120000000000002,1.62,1.1400000000000001
1467,0.004140000000000001,1.62,1.1400000000000001
1468,0.0041600000000000005,1.62,1.1400000000000001
1469,0.004180000000000003,1.62,1.1400000000000001
1470,0.004200000000000002,1.62,1.1400000000000001
1471,0.0042200000000000015,1.62,1.1400000000000001
1472,0.004240000000000001,1.62,1.1400000000000001
1473,0.004260000000000003,1.62,1.1400000000000001
1474,0.0042800000000000026,1.62,1.1400000000000001
1475,0.004300000000000002,1.62,1.1400000000000001
1476,0.004320000000000001,1.62,1.1400000000000001
1477,0.004340000000000004,1.62,1.1400000000000001
1478,0.004360000000000003,1.62,1.1400000000000001
1479,0.004380000000000002,1.62,1.1400000000000001
1480,0.004400000000000001,1.62,1.1400000000000001
1481,0.004420000000000004,1.62,1.1400000000000001
1482,0.004440000000000003,1.62,1.1400000000000001
1483,0.004460000000000002,1.62,1.1400000000000001
1484,0.004480000000000001,1.62,1.1400000000000001
1485,0.0045000000000000005,1.62,1.1400000000000001
1486,0.004520000000000003,1.62,1.1400000000000001
1487,0.004540000000000002,1.62,1.1400000000000001
1488,0.0045600000000000016,1.62,1.12
1489,0.004580000000000001,1.6,1.12
1490,0.004600000000000003,1.6,1.12
1491,0.004620000000000003,1.6,1.12
1492,0.004640000000000002,1.6,1.12
1493,0.004660000000000001,1.6,1.12
1494,0.004680000000000004,1.6,1.12
1495,0.004700000000000003,1.6,1.12
1496,0.004720000000000002,1.6,1.12
1497,0.004740000000000001,1.6,1.12
1498,0.004760000000000004,1.6,1.12
1499,0.004780000000000003,1.6,1.1
1500,0.004800000000000002,1.58,1.1
1501,0.004820000000000001,1.58,1.1
1502,0.0048400000000000006,1.58,1.1
1503,0.004860000000000003,1.58,1.1
1504,0.004880000000000002,1.58,1.1
1505,0.004900000000000002,1.56,1.08
1506,0.004920000000000001,1.56,1.08
1507,0.004940000000000003,1.56,1.08
1508,0.004960000000000003,1.56,1.08
1509,0.004980000000000002,1.56,1.08
1510,0.005000000000000001,1.56,1.08
1511,0.005020000000000004,1.54,1.08
1512,0.005040000000000003,1.54,1.08
1513,0.005060000000000002,1.54,1.08
1514,0.005080000000000001,1.54,1.08
1515,0.005100000000000004,1.54,1.06
1516,0.005120000000000003,1.52,1.06
1517,0.005140000000000002,1.52,1.06
1518,0.005160000000000001,1.52,1.06
1519,0.005180000000000001,1.52,1.04
1520,0.005200000000000003,1.52,1.04
1521,0.005220000000000002,1.5,1.04
1522,0.005240000000000002,1.5,1.04
1523,0.005260000000000001,1.5,1.02
1524,0.0052800000000000034,1.5,1.02
1525,0.005300000000000003,1.5,1.02
1526,0.005320000000000002,1.48,1.02
1527,0.005340000000000001,1.48,1.02
1528,0.005360000000000004,1.48,1.0
1529,0.005380000000000003,1.46,1.0
1530,0.005400000000000002,1.46,1.0
1531,0.005420000000000001,1.46,1.0
1532,0.005440000000000004,1.46,0.98
1533,0.005460000000000003,1.44,0.98
1534,0.005480000000000002,1.44,0.98
1535,0.005500000000000001,1.44,0.96
1536,0.005520000000000004,1.44,0.96
1537,0.005540000000000003,1.44,0.96
1538,0.0055600000000000024,1.42,0.96
1539,0.005580000000000002,1.42,0.9400000000000001
1540,0.005600000000000001,1.42,0.9400000000000001
1541,0.0056200000000000035,1.4000000000000001,0.9400000000000001
1542,0.005640000000000003,1.4000000000000001,0.9400000000000001
1543,0.005660000000000002,1.4000000000000001,0.92
1544,0.005680000000000001,1.4000000000000001,0.92
1545,0.005700000000000004,1.3800000000000001,0.92
1546,0.005720000000000003,1.3800000000000001,0.9
1547,0.005740000000000002,1.3800000000000001,0.9
1548,0.005760000000000001,1.36,0.9
1549,0.005780000000000004,1.36,0.9
1550,0.005800000000000003,1.36,0.88
1551,0.005820000000000002,1.34,0.88
1552,0.0058400000000000014,1.34,0.88
1553,0.005860000000000004,1.34,0.86
1554,0.005880000000000003,1.32,0.86
1555,0.0059000000000000025,1.32,0.86
1556,0.005920000000000002,1.32,0.84
1557,0.005940000000000001,1.3,0.84
1558,0.0059600000000000035,1.3,0.84
1559,0.005980000000000003,1.3,0.8200000000000001
1560,0.006000000000000002,1.28,0.8200000000000001
1561,0.006020000000000001,1.28,0.8200000000000001
1562,0.006040000000000004,1.26,0.8
1563,0.006060000000000003,1.26,0.8
1564,0.006080000000000002,1.26,0.8
1565,0.006100000000000001,1.24,0.78
1566,0.0061200000000000004,1.24,0.78
1567,0.00614,1.22,0.76
1568,0.006160000000000006,1.22,0.76
1569,0.006180000000000005,1.22,0.76
1570,0.006200000000000004,1.2,0.74
1571,0.006220000000000003,1.2,0.74
1572,0.0062400000000000025,1.2,0.74
1573,0.006260000000000002,1.18,0.72
1574,0.006280000000000001,1.18,0.72
1575,0.0063,1.16,0.72
1576,0.006319999999999999,1.16,0.7000000000000001
1577,0.006340000000000005,1.16,0.7000000000000001
1578,0.0063600000000000045,1.1400000000000001,0.68
1579,0.006380000000000004,1.1400000000000001,0.68
1580,0.006400000000000003,1.12,0.68
1581,0.006420000000000002,1.12,0.66
1582,0.006440000000000001,1.12,0.66
1583,0.0064600000000000005,1.1,0.64
1584,0.00648,1.1,0.64
1585,0.006500000000000006,1.08,0.62
1586,0.006520000000000005,1.08,0.62
1587,0.006540000000000004,1.06,0.62
1588,0.006560000000000003,1.06,0.6
1589,0.0065800000000000025,1.06,0.6
1590,0.006600000000000002,1.04,0.58
1591,0.006620000000000001,1.04,0.58
1592,0.00664,1.02,0.56
1593,0.006659999999999999,1.02,0.56
1594,0.006680000000000005,1.0,0.56
1595,0.0067000000000000046,1.0,0.54
1596,0.006720000000000004,0.98,0.54
1597,0.006740000000000003,0.98,0.52
1598,0.006760000000000002,0.96,0.52
1599,0.006780000000000001,0.96,0.5
1600,0.0068000000000000005,0.9400000000000001,0.5
1601,0.00682,0.9400000000000001,0.5
1602,0.006840000000000006,0.92,0.48
1603,0.006860000000000005,0.92,0.48
1604,0.006880000000000004,0.92,0.46
1605,0.006900000000000003,0.9,0.46
1606,0.0069200000000000025,0.88,0.44
1607,0.006940000000000002,0.88,0.44
1608,0.006960000000000001,0.88,0.44
1609,0.00698,0.86,0.42
1610,0.006999999999999999,0.86,0.4
1611,0.007020000000000005,0.84,0.4
1612,0.007040000000000005,0.8200000000000001,0.4
1613,0.007060000000000004,0.8200000000000001,0.38
1614,0.007080000000000003,0.8,0.38
1615,0.007100000000000002,0.8,0.36
1616,0.007120000000000001,0.78,0.36
1617,0.0071400000000000005,0.78,0.34
1618,0.00716,0.76,0.34
1619,0.007180000000000006,0.76,0.34
1620,0.007200000000000005,0.76,0.32
1621,0.007220000000000004,0.74,0.32
1622,0.007240000000000003,0.72,0.3
1623,0.0072600000000000026,0.72,0.3
1624,0.007280000000000002,0.7000000000000001,0.28
1625,0.007300000000000001,0.7000000000000001,0.28
1626,0.00732,0.68,0.26
1627,0.007339999999999999,0.68,0.26
1628,0.007360000000000005,0.66,0.24
1629,0.007380000000000005,0.66,0.24
1630,0.007400000000000004,0.64,0.22
1631,0.007420000000000003,0.64,0.22
1632,0.007440000000000002,0.62,0.2
1633,0.007460000000000001,0.62,0.2
1634,0.0074800000000000005,0.6,0.2
1635,0.0075,0.6,0.18
1636,0.007520000000000006,0.58,0.18
1637,0.007540000000000005,0.58,0.16
1638,0.007560000000000004,0.56,0.16
1639,0.007580000000000003,0.54,0.14
1640,0.007600000000000003,0.54,0.14
1641,0.007620000000000002,0.52,0.12
1642,0.007640000000000001,0.52,0.12
1643,0.00766,0.5,0.12
1644,0.007679999999999999,0.5,0.1
1645,0.0077000000000000055,0.48,0.1
1646,0.007720000000000005,0.48,0.08
1647,0.007740000000000004,0.46,0.08
1648,0.007760000000000003,0.44,0.08
1649,0.007780000000000002,0.44,0.06
1650,0.007800000000000001,0.42,0.06
1651,0.00782,0.42,0.06
1652,0.00784,0.4,0.04
1653,0.007860000000000006,0.4,0.04
1654,0.007880000000000005,0.38,0.04
1655,0.007900000000000004,0.38,0.02
1656,0.007920000000000003,0.36,0.02
1657,0.007940000000000003,0.34,0.02
1658,0.007960000000000002,0.34,0.02
1659,0.007980000000000001,0.32,0.02
1660,0.008,0.32,0.02
1661,0.00802,0.3,0.0
1662,0.008040000000000005,0.3,0.0
1663,0.008060000000000005,0.28,0.0
1664,0.008080000000000004,0.28,0.0
1665,0.008100000000000003,0.26,0.0
1666,0.008120000000000002,0.24,0.0
1667,0.008140000000000001,0.24,0.0
1668,0.00816,0.22,0.0
1669,0.00818,0.22,0.0
1670,0.008200000000000006,0.2,0.0
1671,0.008220000000000005,0.2,0.0
1672,0.008240000000000004,0.18,0.0
1673,0.008260000000000003,0.16,0.0
1674,0.008280000000000003,0.16,0.0
1675,0.008300000000000002,0.14,0.0
1676,0.008320000000000001,0.14,0.0
1677,0.00834,0.12,0.0
1678,0.00836,0.12,0.0
1679,0.008380000000000006,0.1,0.0
1680,0.008400000000000005,0.08,0.0
1681,0.008420000000000004,0.08,0.0
1682,0.008440000000000003,0.06,0.0
1683,0.008460000000000002,0.06,0.0
1684,0.008480000000000001,0.04,0.0
1685,0.0085,0.04,0.0
1686,0.00852,0.02,0.0
1687,0.008540000000000006,0.02,0.0
1688,0.008560000000000005,0.0,0.0
1689,0.008580000000000004,0.0,0.0
1690,0.008600000000000003,-0.02,0.0
1691,0.008620000000000003,-0.04,0.0
1692,0.008640000000000002,-0.04,0.0
1693,0.008660000000000001,-0.06,0.0
1694,0.00868,-0.06,0.0
1695,0.0087,-0.08,0.0
1696,0.008720000000000006,-0.1,0.0
1697,0.008740000000000005,-0.1,0.0
1698,0.008760000000000004,-0.12,0.0
1699,0.008780000000000003,-0.14,0.0
1700,0.008800000000000002,-0.14,0.0
1701,0.008820000000000001,-0.16,0.0
1702,0.00884,-0.16,0.0
1703,0.00886,-0.18,0.0
1704,0.008880000000000006,-0.18,0.0
1705,0.008900000000000005,-0.2,0.0
1706,0.008920000000000004,-0.22,0.0
1707,0.008940000000000003,-0.22,0.0
1708,0.008960000000000003,-0.24,0.0
1709,0.008980000000000002,-0.24,0.0
1710,0.009000000000000001,-0.26,0.0
1711,0.00902,-0.26,0.0
1712,0.00904,-0.28,0.0
1713,0.009060000000000006,-0.28,0.0
1714,0.009080000000000005,-0.3,0.0
1715,0.009100000000000004,-0.3,0.0
1716,0.009120000000000003,-0.32,0.0
1717,0.009140000000000002,-0.32,0.0
1718,0.009160000000000001,-0.34,0.0
1719,0.00918,-0.34,0.0
1720,0.0092,-0.36,0.0
1721,0.009220000000000006,-0.38,0.0
1722,0.009240000000000005,-0.38,0.0
1723,0.009260000000000004,-0.4,0.0
1724,0.009280000000000004,-0.4,0.0
1725,0.009300000000000003,-0.42,0.0
1726,0.009320000000000002,-0.42,0.0
1727,0.009340000000000001,-0.44,0.0
1728,0.00936,-0.44,0.0
1729,0.00938,-0.46,0.0
1730,0.009400000000000006,-0.46,0.0
1731,0.009420000000000005,-0.48,0.0
1732,0.009440000000000004,-0.48,0.0
1733,0.009460000000000003,-0.5,0.0
1734,0.009480000000000002,-0.5,0.0
1735,0.009500000000000001,-0.52,0.0
1736,0.00952,-0.52,0.0
1737,0.00954,-0.54,0.0
1738,0.009560000000000006,-0.56,0.0
1739,0.009580000000000005,-0.56,0.0
1740,0.009600000000000004,-0.56,0.0
1741,0.009620000000000004,-0.58,0.0
1742,0.009640000000000003,-0.6,0.0
1743,0.009660000000000002,-0.6,0.0
1744,0.009680000000000001,-0.62,0.0
1745,0.0097,-0.62,0.0
1746,0.00972,-0.62,0.0
1747,0.009740000000000006,-0.64,0.0
1748,0.009760000000000005,-0.64,0.0
1749,0.009780000000000004,-0.66,0.0
1750,0.009800000000000003,-0.66,0.0
1751,0.009820000000000002,-0.68,0.0
1752,0.009840000000000002,-0.68,0.0
1753,0.00986,-0.7000000000000001,0.0
1754,0.00988,-0.7000000000000001,0.0
1755,0.009900000000000006,-0.72,0.0
1756,0.009920000000000005,-0.72,0.0
1757,0.009940000000000004,-0.74,0.0
1758,0.009960000000000004,-0.74,0.0
1759,0.009980000000000003,-0.76,0.0
1760,0.010000000000000002,-0.76,0.0
1761,0.010020000000000001,-0.76,0.0
1762,0.01004,-0.78,0.0
1763,0.01006,-0.78,0.0
1764,0.010080000000000006,-0.8,0.0
1765,0.010100000000000005,-0.8,0.0
1766,0.010120000000000004,-0.8200000000000001,0.0
1767,0.010140000000000003,-0.8200000000000001,0.0
1768,0.010160000000000002,-0.84,0.0
1769,0.010180000000000002,-0.84,0.0
1770,0.0102,-0.86,0.0
1771,0.01022,-0.86,0.0
1772,0.010240000000000006,-0.86,0.0
1773,0.010260000000000005,-0.88,0.0
1774,0.010280000000000004,-0.88,0.0
1775,0.010300000000000004,-0.9,0.0
1776,0.010320000000000003,-0.9,0.0
1777,0.010340000000000002,-0.92,0.0
1778,0.010360000000000001,-0.92,0.0
1779,0.01038,-0.92,0.0
1780,0.0104,-0.9400000000000001,0.0
1781,0.010420000000000006,-0.9400000000000001,0.0
1782,0.010440000000000005,-0.96,0.0
1783,0.010460000000000004,-0.96,0.0
1784,0.010480000000000003,-0.96,0.0
1785,0.010500000000000002,-0.98,0.0
1786,0.010520000000000002,-0.98,0.0
1787,0.01054,-0.98,0.0
1788,0.01056,-1.0,0.0
1789,0.010580000000000006,-1.0,0.0
1790,0.010600000000000005,-1.0,0.0
1791,0.010620000000000004,-1.02,0.0
1792,0.010640000000000004,-1.02,0.0
1793,0.010660000000000003,-1.04,0.0
1794,0.010680000000000002,-1.04,0.0
1795,0.010700000000000001,-1.04,0.0
1796,0.01072,-1.06,0.0
1797,0.01074,-1.06,0.0
1798,0.010760000000000006,-1.08,0.0
1799,0.010780000000000005,-1.08,0.0
1800,0.010800000000000004,-1.08,0.0
1801,0.010820000000000003,-1.1,0.0
1802,0.010840000000000002,-1.1,0.0
1803,0.010860000000000002,-1.1,0.0
1804,0.01088,-1.12,0.0
1805,0.0109,-1.12,0.0
1806,0.010920000000000006,-1.12,0.0
1807,0.010940000000000005,-1.12,0.0
1808,0.010960000000000004,-1.1400000000000001,0.0
1809,0.010980000000000004,-1.1400000000000001,0.0
1810,0.011000000000000003,-1.1400000000000001,0.0
1811,0.011020000000000002,-1.1400000000000001,0.0
1812,0.011040000000000001,-1.16,0.0
1813,0.01106,-1.16,0.0
1814,0.01108,-1.16,0.0
1815,0.011100000000000006,-1.18,0.0
1816,0.011120000000000005,-1.18,0.0
1817,0.011140000000000004,-1.18,0.0
1818,0.011160000000000003,-1.2,0.0
1819,0.011180000000000002,-1.2,0.0
1820,0.011200000000000002,-1.2,0.0
1821,0.01122,-1.2,0.0
1822,0.01124,-1.22,0.0
1823,0.011260000000000006,-1.22,0.0
1824,0.011280000000000005,-1.22,0.0
1825,0.011300000000000004,-1.24,0.0
1826,0.011320000000000004,-1.24,0.0
1827,0.011340000000000003,-1.24,0.0
1828,0.011360000000000002,-1.24,0.0
1829,0.011380000000000001,-1.24,0.0
1830,0.0114,-1.26,0.0
1831,0.01142,-1.26,0.0
1832,0.011440000000000006,-1.26,0.0
1833,0.011460000000000005,-1.26,0.0
1834,0.011480000000000004,-1.28,0.0
1835,0.011500000000000003,-1.28,0.0
1836,0.011520000000000002,-1.28,0.0
1837,0.011540000000000002,-1.28,0.0
1838,0.01156,-1.28,0.0
1839,0.01158,-1.28,0.0
1840,0.011600000000000006,-1.3,0.0
1841,0.011620000000000005,-1.3,0.0
1842,0.011640000000000005,-1.3,0.0
1843,0.011660000000000004,-1.3,0.0
1844,0.011680000000000003,-1.3,0.0
1845,0.011700000000000002,-1.3,0.0
1846,0.011720000000000001,-1.3,0.0
1847,0.01174,-1.32,0.0
1848,0.01176,-1.32,0.0
1849,0.011780000000000006,-1.32,0.0
1850,0.011800000000000005,-1.32,0.0
1851,0.011820000000000004,-1.32,0.0
1852,0.011840000000000003,-1.34,0.0
1853,0.011860000000000002,-1.34,0.0
1854,0.011880000000000002,-1.34,0.0
1855,0.0119,-1.34,0.0
1856,0.01192,-1.34,0.0
1857,0.011940000000000006,-1.34,0.0
1858,0.011960000000000005,-1.34,0.0
1859,0.011980000000000005,-1.34,0.0
1860,0.012000000000000004,-1.34,0.0
1861,0.012020000000000003,-1.36,0.0
1862,0.012040000000000002,-1.36,0.0
1863,0.012060000000000001,-1.36,0.0
1864,0.01208,-1.36,0.0
1865,0.0121,-1.36,0.0
1866,0.012120000000000006,-1.36,0.0
1867,0.012140000000000005,-1.36,0.0
1868,0.012160000000000004,-1.36,0.0
1869,0.012180000000000003,-1.36,0.0
1870,0.012200000000000003,-1.36,0.0
1871,0.012220000000000002,-1.3800000000000001,0.0
1872,0.012240000000000001,-1.3800000000000001,0.0
1873,0.01226,-1.3800000000000001,0.0
1874,0.012280000000000006,-1.3800000000000001,0.0
1875,0.012300000000000005,-1.3800000000000001,0.0
1876,0.012320000000000005,-1.3800000000000001,0.0
1877,0.012340000000000004,-1.3800000000000001,0.0
1878,0.012360000000000003,-1.3800000000000001,0.0
1879,0.012380000000000002,-1.3800000000000001,0.0
1880,0.012400000000000001,-1.3800000000000001,0.0
1881,0.01242,-1.3800000000000001,0.0
1882,0.01244,-1.3800000000000001,0.0
1883,0.012460000000000006,-1.3800000000000001,0.0
1884,0.012480000000000005,-1.3800000000000001,0.0
1885,0.012500000000000004,-1.3800000000000001,0.0
1886,0.012520000000000003,-1.3800000000000001,0.0
1887,0.012540000000000003,-1.3800000000000001,0.0
1888,0.012560000000000002,-1.3800000000000001,0.0
1889,0.012580000000000001,-1.3800000000000001,0.0
1890,0.0126,-1.3800000000000001,0.0
1891,0.012620000000000006,-1.3800000000000001,0.0
1892,0.012640000000000005,-1.3800000000000001,0.0
1893,0.012660000000000005,-1.3800000000000001,0.0
1894,0.012680000000000004,-1.3800000000000001,0.0
1895,0.012700000000000003,-1.3800000000000001,0.0
1896,0.012720000000000002,-1.3800000000000001,0.0
1897,0.012740000000000001,-1.3800000000000001,0.0
1898,0.01276,-1.3800000000000001,0.0
1899,0.01278,-1.36,0.0
1900,0.012800000000000006,-1.36,0.0
1901,0.012820000000000005,-1.36,0.0
1902,0.012840000000000004,-1.36,0.0
1903,0.012860000000000003,-1.36,0.0
1904,0.012880000000000003,-1.36,0.0
1905,0.012900000000000002,-1.36,0.0
1906,0.012920000000000001,-1.36,0.0
1907,0.01294,-1.36,0.0
1908,0.012960000000000006,-1.36,0.0
1909,0.012980000000000005,-1.36,0.0
1910,0.013000000000000005,-1.34,0.0
1911,0.013020000000000004,-1.34,0.0
1912,0.013040000000000003,-1.34,0.0
1913,0.013060000000000002,-1.34,0.0
1914,0.013080000000000001,-1.34,0.0
1915,0.0131,-1.34,0.0
1916,0.01312,-1.34,0.0
1917,0.013140000000000006,-1.34,0.0
1918,0.013160000000000005,-1.34,0.0
1919,0.013180000000000004,-1.32,0.0
1920,0.013200000000000003,-1.32,0.0
1921,0.013220000000000003,-1.32,0.0
1922,0.013240000000000002,-1.32,0.0
1923,0.013260000000000001,-1.32,0.0
1924,0.01328,-1.32,0.0
1925,0.013300000000000006,-1.3,0.0
1926,0.013320000000000005,-1.3,0.0
1927,0.013340000000000005,-1.3,0.0
1928,0.013360000000000004,-1.3,0.0
1929,0.013380000000000003,-1.3,0.0
1930,0.013400000000000002,-1.3,0.0
1931,0.013420000000000001,-1.28,0.0
1932,0.01344,-1.28,0.0
1933,0.01346,-1.28,0.0
1934,0.013480000000000006,-1.28,0.0
1935,0.013500000000000005,-1.28,0.0
1936,0.013520000000000004,-1.28,0.0
1937,0.013540000000000003,-1.26,0.0
1938,0.013560000000000003,-1.26,0.0
1939,0.013580000000000002,-1.26,0.0
1940,0.013600000000000001,-1.26,0.0
1941,0.01362,-1.24,0.0
1942,0.013640000000000006,-1.24,0.0
1943,0.013660000000000005,-1.24,0.0
1944,0.013680000000000005,-1.24,0.0
1945,0.013700000000000004,-1.22,0.0
1946,0.013720000000000003,-1.22,0.0
1947,0.013740000000000002,-1.22,0.0
1948,0.013760000000000001,-1.22,0.0
1949,0.01378,-1.2,0.0
1950,0.0138,-1.2,0.0
1951,0.013820000000000006,-1.2,0.0
1952,0.013840000000000005,-1.2,0.0
1953,0.013860000000000004,-1.18,0.0
1954,0.013880000000000003,-1.18,0.0
1955,0.013900000000000003,-1.18,0.0
1956,0.013920000000000002,-1.16,0.0
1957,0.013940000000000001,-1.16,0.0
1958,0.01396,-1.16,0.0
1959,0.013980000000000006,-1.1400000000000001,0.0
1960,0.014000000000000005,-1.1400000000000001,0.0
1961,0.014020000000000005,-1.1400000000000001,0.0
1962,0.014040000000000004,-1.1400000000000001,0.0
1963,0.014060000000000003,-1.1400000000000001,0.0
1964,0.014080000000000002,-1.12,0.0
1965,0.014100000000000001,-1.12,0.0
1966,0.01412,-1.12,0.0
1967,0.01414,-1.1,0.0
1968,0.014160000000000006,-1.1,0.0
1969,0.014180000000000005,-1.1,0.0
1970,0.014200000000000004,-1.08,0.0
1971,0.014220000000000003,-1.08,0.0
1972,0.014240000000000003,-1.08,0.0
1973,0.014260000000000002,-1.06,0.0
1974,0.014280000000000001,-1.06,0.0
1975,0.0143,-1.04,0.0
1976,0.014320000000000006,-1.04,0.0
1977,0.014340000000000006,-1.04,0.0
1978,0.014360000000000005,-1.02,0.0
1979,0.014380000000000004,-1.02,0.0
1980,0.014400000000000003,-1.02,0.0
1981,0.014420000000000002,-1.0,0.0
1982,0.014440000000000001,-1.0,0.0
1983,0.01446,-0.98,0.0
1984,0.01448,-0.98,0.0
1985,0.014500000000000006,-0.98,0.0
1986,0.014520000000000005,-0.96,0.0
1987,0.014540000000000004,-0.96,0.0
1988,0.014560000000000003,-0.96,0.0
1989,0.014580000000000003,-0.9400000000000001,0.0
1990,0.014600000000000002,-0.9400000000000001,0.0
1991,0.014620000000000001,-0.9400000000000001,0.0
1992,0.01464,-0.92,0.0
1993,0.014660000000000006,-0.9,0.0
1994,0.014680000000000006,-0.9,0.0
1995,0.014700000000000005,-0.9,0.0
1996,0.014720000000000004,-0.88,0.0
1997,0.014740000000000003,-0.88,0.0
1998,0.014760000000000002,-0.86,0.0
1999,0.014780000000000001,-0.86,0.0
2000,0.0148,-0.86,0.0
2001,0.01482,-0.84,0.0
2002,0.014840000000000006,-0.84,0.0
2003,0.014860000000000005,-0.8200000000000001,0.0
2004,0.014880000000000004,-0.8200000000000001,0.0
2005,0.014900000000000004,-0.8,0.0
2006,0.014920000000000003,-0.8,0.0
2007,0.014940000000000002,-0.78,0.0
2008,0.014960000000000001,-0.78,0.0
2009,0.01498,-0.78,0.0
2010,0.015000000000000006,-0.76,0.0
2011,0.015020000000000006,-0.76,0.0
2012,0.015040000000000005,-0.74,0.0
2013,0.015060000000000004,-0.74,0.0
2014,0.015080000000000003,-0.72,0.0
2015,0.015100000000000002,-0.72,0.0
2016,0.015120000000000001,-0.7000000000000001,0.0
2017,0.01514,-0.7000000000000001,0.0
2018,0.01516,-0.68,0.0
2019,0.015180000000000006,-0.68,0.0
2020,0.015200000000000005,-0.66,0.0
2021,0.015220000000000004,-0.66,0.0
2022,0.015240000000000004,-0.64,0.0
2023,0.015260000000000003,-0.64,0.0
2024,0.015280000000000002,-0.62,0.0
2025,0.015300000000000001,-0.62,0.0
2026,0.01532,-0.62,0.0
2027,0.015340000000000006,-0.6,0.0
2028,0.015360000000000006,-0.6,0.0
2029,0.015380000000000005,-0.58,0.0
2030,0.015400000000000004,-0.56,0.0
2031,0.015420000000000003,-0.56,0.0
2032,0.015440000000000002,-0.56,0.0
2033,0.015460000000000002,-0.54,0.0
2034,0.01548,-0.52,0.0
2035,0.0155,-0.52,0.0
2036,0.015520000000000006,-0.52,0.0
2037,0.015540000000000005,-0.5,0.0
2038,0.015560000000000004,-0.48,0.0
2039,0.015580000000000004,-0.48,0.0
2040,0.015600000000000003,-0.46,0.0
2041,0.015620000000000002,-0.46,0.0
2042,0.01564,-0.44,0.0
2043,0.01566,-0.44,0.0
2044,0.015680000000000006,-0.42,0.0
2045,0.015700000000000006,-0.42,0.0
2046,0.015720000000000005,-0.4,0.0
2047,0.015740000000000004,-0.4,0.0
2048,0.015760000000000003,-0.38,0.0
2049,0.015780000000000002,-0.38,0.0
2050,0.0158,-0.36,0.0
2051,0.01582,-0.36,0.0
2052,0.01584,-0.34,0.0
2053,0.015860000000000006,-0.32,0.0
2054,0.015880000000000005,-0.32,0.0
2055,0.015900000000000004,-0.3,0.0
2056,0.015920000000000004,-0.3,0.0
2057,0.015940000000000003,-0.28,0.0
2058,0.015960000000000002,-0.28,0.0
2059,0.01598,-0.26,0.0
2060,0.016,-0.26,0.0
2061,0.016020000000000006,-0.24,0.0
2062,0.016040000000000006,-0.24,0.0
2063,0.016060000000000005,-0.22,0.0
2064,0.016080000000000004,-0.22,0.0
2065,0.016100000000000003,-0.2,0.0
2066,0.016120000000000002,-0.18,0.0
2067,0.01614,-0.18,0.0
2068,0.01616,-0.16,0.0
2069,0.01618,-0.16,0.0
2070,0.016200000000000006,-0.14,0.0
2071,0.016220000000000005,-0.14,0.0
2072,0.016240000000000004,-0.12,0.0
2073,0.016260000000000004,-0.1,0.0
2074,0.016280000000000003,-0.1,0.0
2075,0.016300000000000002,-0.08,0.0
2076,0.01632,-0.08,0.0
2077,0.01634,-0.06,0.0
2078,0.016360000000000006,-0.04,0.0
2079,0.016380000000000006,-0.04,0.0
2080,0.016400000000000005,-0.02,0.0
2081,0.016420000000000004,-0.02,0.0
2082,0.016440000000000003,0.0,0.0
2083,0.016460000000000002,0.0,0.0
2084,0.01648,0.02,0.0
2085,0.0165,0.04,0.0
2086,0.01652,0.04,0.0
2087,0.016540000000000006,0.06,0.0
2088,0.016560000000000005,0.06,0.0
2089,0.016580000000000004,0.08,0.0
2090,0.016600000000000004,0.08,0.0
2091,0.016620000000000003,0.1,0.0
2092,0.016640000000000002,0.1,0.0
2093,0.01666,0.12,0.0
2094,0.01668,0.14,0.0
2095,0.016700000000000007,0.14,0.0
2096,0.016720000000000006,0.16,0.0
2097,0.016740000000000005,0.16,0.0
2098,0.016760000000000004,0.18,0.0
2099,0.016780000000000003,0.2,0.0
2100,0.016800000000000002,0.2,0.0
2101,0.01682,0.22,0.0
2102,0.01684,0.22,0.0
2103,0.01686,0.24,0.0
2104,0.016880000000000006,0.24,0.0
2105,0.016900000000000005,0.26,0.0
2106,0.016920000000000004,0.26,0.0
2107,0.016940000000000004,0.28,0.0
2108,0.016960000000000003,0.3,0.02
2109,0.016980000000000002,0.3,0.02
2110,0.017,0.32,0.02
2111,0.01702,0.32,0.02
2112,0.017040000000000007,0.34,0.02
2113,0.017060000000000006,0.34,0.02
2114,0.017080000000000005,0.36,0.02
2115,0.017100000000000004,0.38,0.02
2116,0.017120000000000003,0.38,0.04
2117,0.017140000000000002,0.4,0.04
2118,0.01716,0.4,0.04
2119,0.01718,0.42,0.06
2120,0.0172,0.42,0.06
2121,0.017220000000000006,0.44,0.06
2122,0.017240000000000005,0.44,0.08
2123,0.017260000000000005,0.46,0.08
2124,0.017280000000000004,0.48,0.08
2125,0.017300000000000003,0.48,0.1
2126,0.017320000000000002,0.5,0.1
2127,0.01734,0.5,0.12
2128,0.01736,0.52,0.12
2129,0.017380000000000007,0.52,0.12
2130,0.017400000000000006,0.54,0.14
2131,0.017420000000000005,0.54,0.14
2132,0.017440000000000004,0.56,0.16
2133,0.017460000000000003,0.58,0.16
2134,0.017480000000000002,0.58,0.18
2135,0.0175,0.6,0.18
2136,0.01752,0.6,0.2
2137,0.01754,0.6,0.2
2138,0.017560000000000006,0.62,0.2
2139,0.017580000000000005,0.64,0.22
2140,0.017600000000000005,0.64,0.22
2141,0.017620000000000004,0.66,0.24
2142,0.017640000000000003,0.66,0.24
2143,0.017660000000000002,0.68,0.26
2144,0.01768,0.68,0.26
2145,0.0177,0.7000000000000001,0.28
2146,0.017720000000000007,0.7000000000000001,0.28
2147,0.017740000000000006,0.72,0.3
2148,0.017760000000000005,0.72,0.3
2149,0.017780000000000004,0.74,0.3
2150,0.017800000000000003,0.74,0.32
2151,0.017820000000000003,0.76,0.34
2152,0.01784,0.76,0.34
2153,0.01786,0.78,0.34
2154,0.01788,0.78,0.36
2155,0.017900000000000006,0.8,0.36
2156,0.017920000000000005,0.8,0.38
2157,0.017940000000000005,0.8200000000000001,0.38
2158,0.017960000000000004,0.8200000000000001,0.4
2159,0.017980000000000003,0.84,0.4
2160,0.018000000000000002,0.84,0.4
2161,0.01802,0.86,0.42
2162,0.01804,0.88,0.42
2163,0.018060000000000007,0.88,0.44
2164,0.018080000000000006,0.88,0.44
2165,0.018100000000000005,0.9,0.46
2166,0.018120000000000004,0.92,0.46
2167,0.018140000000000003,0.92,0.48
2168,0.018160000000000003,0.92,0.48
2169,0.01818,0.9400000000000001,0.5
2170,0.0182,0.9400000000000001,0.5
2171,0.01822,0.96,0.5
2172,0.018240000000000006,0.96,0.52
2173,0.018260000000000005,0.96,0.52
2174,0.018280000000000005,0.98,0.54
2175,0.018300000000000004,1.0,0.54
2176,0.018320000000000003,1.0,0.56
2177,0.018340000000000002,1.02,0.56
2178,0.01836,1.02,0.56
2179,0.01838,1.02,0.58
2180,0.018400000000000007,1.04,0.58
2181,0.018420000000000006,1.04,0.6
2182,0.018440000000000005,1.06,0.6
2183,0.018460000000000004,1.06,0.62
2184,0.018480000000000003,1.08,0.62
2185,0.018500000000000003,1.08,0.62
2186,0.018520000000000002,1.1,0.64
2187,0.01854,1.1,0.64
2188,0.01856,1.12,0.66
2189,0.018580000000000006,1.12,0.66
2190,0.018600000000000005,1.12,0.68
2191,0.018620000000000005,1.1400000000000001,0.68
2192,0.018640000000000004,1.1400000000000001,0.68
2193,0.018660000000000003,1.16,0.7000000000000001
2194,0.018680000000000002,1.16,0.7000000000000001
2195,0.0187,1.16,0.72
2196,0.01872,1.18,0.72
2197,0.018740000000000007,1.18,0.72
2198,0.018760000000000006,1.2,0.74
2199,0.018780000000000005,1.2,0.74
2200,0.018800000000000004,1.2,0.74
2201,0.018820000000000003,1.22,0.76
2202,0.018840000000000003,1.22,0.76
2203,0.018860000000000002,1.22,0.78
2204,0.01888,1.24,0.78
2205,0.0189,1.24,0.78
2206,0.018920000000000006,1.26,0.8
2207,0.018940000000000005,1.26,0.8
2208,0.018960000000000005,1.26,0.8
2209,0.018980000000000004,1.28,0.8200000000000001
2210,0.019000000000000003,1.28,0.8200000000000001
2211,0.019020000000000002,1.3,0.8200000000000001
2212,0.01904,1.3,0.84
2213,0.01906,1.3,0.84
2214,0.019080000000000007,1.32,0.84
2215,0.019100000000000006,1.32,0.86
2216,0.019120000000000005,1.32,0.86
2217,0.019140000000000004,1.34,0.86
2218,0.019160000000000003,1.34,0.88
2219,0.019180000000000003,1.34,0.88
2220,0.019200000000000002,1.36,0.88
2221,0.01922,1.36,0.9
2222,0.01924,1.36,0.9
2223,0.019260000000000006,1.3800000000000001,0.9
2224,0.019280000000000005,1.3800000000000001,0.9
2225,0.019300000000000005,1.3800000000000001,0.92
2226,0.019320000000000004,1.4000000000000001,0.92
2227,0.019340000000000003,1.4000000000000001,0.92
2228,0.019360000000000002,1.4000000000000001,0.9400000000000001
2229,0.01938,1.4000000000000001,0.9400000000000001
2230,0.0194,1.42,0.9400000000000001
2231,0.019420000000000007,1.42,0.96
2232,0.019440000000000006,1.42,0.96
2233,0.019460000000000005,1.44,0.96
2234,0.019480000000000004,1.44,0.96
2235,0.019500000000000003,1.44,0.96
2236,0.019520000000000003,1.44,0.98
2237,0.019540000000000002,1.44,0.98
2238,0.01956,1.46,0.98
2239,0.01958,1.46,0.98
2240,0.019600000000000006,1.46,1.0
2241,0.019620000000000005,1.46,1.0
2242,0.019640000000000005,1.48,1.0
2243,0.019660000000000004,1.48,1.02
2244,0.019680000000000003,1.48,1.02
2245,0.019700000000000002,1.5,1.02
2246,0.01972,1.5,1.02
2247,0.01974,1.5,1.02
2248,0.019760000000000007,1.5,1.04
2249,0.019780000000000006,1.5,1.04
2250,0.019800000000000005,1.5,1.04
2251,0.019820000000000004,1.52,1.04
2252,0.019840000000000003,1.52,1.06
2253,0.019860000000000003,1.52,1.06
2254,0.019880000000000002,1.54,1.06
2255,0.0199,1.54,1.06
2256,0.01992,1.54,1.08
2257,0.019940000000000006,1.54,1.08
2258,0.019960000000000006,1.54,1.08
2259,0.019980000000000005,1.54,1.08
2260,0.020000000000000004,1.56,1.08
2261,0.020020000000000003,1.56,1.08
2262,0.020040000000000002,1.56,1.08
2263,0.02006,1.56,1.08
2264,0.02008,1.56,1.08
2265,0.020100000000000007,1.58,1.1
2266,0.020120000000000006,1.58,1.1
2267,0.020140000000000005,1.58,1.1
2268,0.020160000000000004,1.58,1.1
2269,0.020180000000000003,1.58,1.1
2270,0.020200000000000003,1.58,1.1
2271,0.020220000000000002,1.58,1.1
2272,0.02024,1.6,1.12
2273,0.02026,1.6,1.12
2274,0.020280000000000006,1.6,1.12
2275,0.020300000000000006,1.6,1.12
2276,0.020320000000000005,1.6,1.12
2277,0.020340000000000004,1.6,1.12
2278,0.020360000000000003,1.6,1.12
2279,0.020380000000000002,1.6,1.12
2280,0.0204,1.6,1.12
2281,0.02042,1.6,1.12
2282,0.020440000000000007,1.6,1.12
2283,0.020460000000000006,1.62,1.12
2284,0.020480000000000005,1.62,1.1400000000000001
2285,0.020500000000000004,1.62,1.1400000000000001
2286,0.020520000000000004,1.62,1.1400000000000001
2287,0.020540000000000003,1.62,1.1400000000000001
2288,0.020560000000000002,1.62,1.1400000000000001
2289,0.02058,1.62,1.1400000000000001
2290,0.0206,1.62,1.1400000000000001
2291,0.020620000000000006,1.62,1.1400000000000001
2292,0.020640000000000006,1.62,1.1400000000000001
2293,0.020660000000000005,1.62,1.1400000000000001
2294,0.020680000000000004,1.62,1.1400000000000001
2295,0.020700000000000003,1.62,1.1400000000000001
2296,0.020720000000000002,1.62,1.1400000000000001
2297,0.02074,1.62,1.1400000000000001
2298,0.02076,1.62,1.1400000000000001
2299,0.020780000000000007,1.62,1.1400000000000001
2300,0.020800000000000006,1.62,1.1400000000000001
2301,0.020820000000000005,1.62,1.1400000000000001
2302,0.020840000000000004,1.62,1.1400000000000001
2303,0.020860000000000004,1.62,1.1400000000000001
2304,0.020880000000000003,1.62,1.1400000000000001
2305,0.020900000000000002,1.62,1.1400000000000001
2306,0.02092,1.62,1.1400000000000001
2307,0.02094,1.62,1.1400000000000001
2308,0.020960000000000006,1.62,1.1400000000000001
2309,0.020980000000000006,1.62,1.1400000000000001
2310,0.021000000000000005,1.62,1.1400000000000001
2311,0.021020000000000004,1.62,1.1400000000000001
2312,0.021040000000000003,1.62,1.1400000000000001
2313,0.021060000000000002,1.62,1.1400000000000001
2314,0.02108,1.62,1.1400000000000001
2315,0.0211,1.62,1.1400000000000001
2316,0.021120000000000007,1.62,1.1400000000000001
2317,0.021140000000000006,1.62,1.1400000000000001
2318,0.021160000000000005,1.62,1.1400000000000001
2319,0.021180000000000004,1.62,1.1400000000000001
2320,0.021200000000000004,1.62,1.12
2321,0.021220000000000003,1.62,1.12
2322,0.021240000000000002,1.6,1.12
2323,0.02126,1.6,1.12
2324,0.02128,1.6,1.12
2325,0.021300000000000006,1.6,1.12
2326,0.021320000000000006,1.6,1.12
2327,0.021340000000000005,1.6,1.12
2328,0.021360000000000004,1.6,1.12
2329,0.021380000000000003,1.6,1.12
2330,0.021400000000000002,1.6,1.12
2331,0.02142,1.6,1.12
2332,0.02144,1.6,1.1
2333,0.021460000000000007,1.58,1.1
2334,0.021480000000000006,1.58,1.1
2335,0.021500000000000005,1.58,1.1
2336,0.021520000000000004,1.58,1.1
2337,0.021540000000000004,1.58,1.1
2338,0.021560000000000003,1.58,1.1
2339,0.021580000000000002,1.56,1.08
2340,0.0216,1.56,1.08
2341,0.02162,1.56,1.08
2342,0.021640000000000006,1.56,1.08
2343,0.021660000000000006,1.56,1.08
2344,0.021680000000000005,1.54,1.08
2345,0.021700000000000004,1.54,1.08
2346,0.021720000000000003,1.54,1.08
2347,0.021740000000000002,1.54,1.08
2348,0.02176,1.54,1.06
2349,0.02178,1.52,1.06
2350,0.021800000000000007,1.52,1.06
2351,0.021820000000000006,1.52,1.06
2352,0.021840000000000005,1.52,1.04
2353,0.021860000000000004,1.52,1.04
2354,0.021880000000000004,1.5,1.04
2355,0.021900000000000003,1.5,1.04
2356,0.021920000000000002,1.5,1.04
2357,0.02194,1.5,1.02
2358,0.02196,1.5,1.02
2359,0.021980000000000006,1.48,1.02
2360,0.022000000000000006,1.48,1.02
2361,0.022020000000000005,1.48,1.0
2362,0.022040000000000004,1.48,1.0
2363,0.022060000000000003,1.46,1.0
2364,0.022080000000000002,1.46,1.0
2365,0.0221,1.46,0.98
2366,0.02212,1.44,0.98
2367,0.022140000000000007,1.44,0.98
2368,0.022160000000000006,1.44,0.98
2369,0.022180000000000005,1.44,0.96
2370,0.022200000000000004,1.44,0.96
2371,0.022220000000000004,1.44,0.96
2372,0.022240000000000003,1.42,0.96
2373,0.022260000000000002,1.42,0.9400000000000001
2374,0.02228,1.42,0.9400000000000001
2375,0.0223,1.4000000000000001,0.9400000000000001
2376,0.022320000000000007,1.4000000000000001,0.92
2377,0.022340000000000006,1.4000000000000001,0.92
2378,0.022360000000000005,1.3800000000000001,0.92
2379,0.022380000000000004,1.3800000000000001,0.9
2380,0.022400000000000003,1.3800000000000001,0.9
2381,0.022420000000000002,1.36,0.9
2382,0.02244,1.36,0.9
2383,0.02246,1.36,0.9
2384,0.022480000000000007,1.36,0.88
2385,0.022500000000000006,1.34,0.88
2386,0.022520000000000005,1.34,0.88
2387,0.022540000000000004,1.32,0.86
2388,0.022560000000000004,1.32,0.86
2389,0.022580000000000003,1.32,0.84
2390,0.022600000000000002,1.3,0.84
2391,0.02262,1.3,0.84
2392,0.02264,1.3,0.8200000000000001
2393,0.022660000000000007,1.28,0.8200000000000001
2394,0.022680000000000006,1.28,0.8200000000000001
2395,0.022700000000000005,1.26,0.8
2396,0.022720000000000004,1.26,0.8
2397,0.022740000000000003,1.26,0.8
2398,0.022760000000000002,1.24,0.78
2399,0.02278,1.24,0.78
2400,0.0228,1.24,0.78
2401,0.022820000000000007,1.22,0.76
2402,0.022840000000000006,1.22,0.76
2403,0.022860000000000005,1.2,0.74
2404,0.022880000000000005,1.2,0.74
2405,0.022900000000000004,1.2,0.74
2406,0.022920000000000003,1.18,0.74
2407,0.022940000000000002,1.18,0.72
2408,0.02296,1.16,0.72
2409,0.02298,1.16,0.7000000000000001
2410,0.023000000000000007,1.16,0.7000000000000001
2411,0.023020000000000006,1.1400000000000001,0.68
2412,0.023040000000000005,1.1400000000000001,0.68
2413,0.023060000000000004,1.12,0.68
2414,0.023080000000000003,1.12,0.66
2415,0.023100000000000002,1.12,0.66
2416,0.02312,1.1,0.64
2417,0.02314,1.1,0.64
2418,0.023160000000000007,1.08,0.62
2419,0.023180000000000006,1.08,0.62
2420,0.023200000000000005,1.06,0.62
2421,0.023220000000000005,1.06,0.6
2422,0.023240000000000004,1.06,0.6
2423,0.023260000000000003,1.04,0.58
2424,0.023280000000000002,1.04,0.58
2425,0.0233,1.02,0.56
2426,0.02332,1.02,0.56
2427,0.023340000000000007,1.0,0.56
2428,0.023360000000000006,1.0,0.54
2429,0.023380000000000005,0.98,0.54
2430,0.023400000000000004,0.98,0.52
2431,0.023420000000000003,0.96,0.52
2432,0.023440000000000003,0.96,0.52
2433,0.02346,0.9400000000000001,0.5
2434,0.02348,0.9400000000000001,0.5
2435,0.023500000000000007,0.9400000000000001,0.48
2436,0.023520000000000006,0.92,0.48
2437,0.023540000000000005,0.92,0.46
2438,0.023560000000000005,0.9,0.46
2439,0.023580000000000004,0.9,0.46
2440,0.023600000000000003,0.88,0.44
2441,0.023620000000000002,0.88,0.44
2442,0.02364,0.86,0.42
2443,0.02366,0.86,0.4
2444,0.023680000000000007,0.84,0.4
2445,0.023700000000000006,0.84,0.4
2446,0.023720000000000005,0.8200000000000001,0.38
2447,0.023740000000000004,0.8200000000000001,0.38
2448,0.023760000000000003,0.8,0.38
2449,0.023780000000000003,0.78,0.36
2450,0.0238,0.78,0.36
2451,0.02382,0.78,0.34
2452,0.023840000000000007,0.76,0.34
2453,0.023860000000000006,0.76,0.32
2454,0.023880000000000005,0.74,0.32
2455,0.023900000000000005,0.74,0.3
2456,0.023920000000000004,0.72,0.3
2457,0.023940000000000003,0.72,0.28
2458,0.023960000000000002,0.7000000000000001,0.28
2459,0.02398,0.68,0.26
2460,0.024,0.68,0.26
2461,0.024020000000000007,0.68,0.24
2462,0.024040000000000006,0.66,0.24
2463,0.024060000000000005,0.64,0.22
2464,0.024080000000000004,0.64,0.22
2465,0.024100000000000003,0.62,0.22
2466,0.024120000000000003,0.62,0.2
2467,0.02414,0.6,0.2
2468,0.02416,0.6,0.18
2469,0.024180000000000007,0.58,0.18
2470,0.024200000000000006,0.58,0.16
2471,0.024220000000000005,0.56,0.16
2472,0.024240000000000005,0.56,0.16
2473,0.024260000000000004,0.54,0.14
2474,0.024280000000000003,0.54,0.14
2475,0.024300000000000002,0.52,0.12
2476,0.02432,0.5,0.12
2477,0.02434,0.5,0.1
2478,0.024360000000000007,0.48,0.1
2479,0.024380000000000006,0.48,0.1
2480,0.024400000000000005,0.46,0.08
2481,0.024420000000000004,0.46,0.08
2482,0.024440000000000003,0.44,0.06
2483,0.024460000000000003,0.44,0.06
2484,0.024480000000000002,0.42,0.06
2485,0.0245,0.42,0.04
2486,0.024520000000000007,0.4,0.04
2487,0.024540000000000006,0.4,0.04
2488,0.024560000000000005,0.38,0.02
2489,0.024580000000000005,0.36,0.02
2490,0.024600000000000004,0.36,0.02
2491,0.024620000000000003,0.34,0.02
2492,0.024640000000000002,0.34,0.02
2493,0.02466,0.32,0.02
2494,0.02468,0.3,0.02
2495,0.024700000000000007,0.3,0.0
2496,0.024720000000000006,0.28,0.0
2497,0.024740000000000005,0.28,0.0
2498,0.024760000000000004,0.26,0.0
2499,0.024780000000000003,0.24,0.0
